100 12
PLOIDY 2 ame_12562
PLOIDY 2 ame_2288
PLOIDY 2 ame_22995
PLOIDY 2 ame_40859
PLOIDY 2 ame_46669
PLOIDY 2 ame_8513
PLOIDY 4 ame_3058
PLOIDY 4 ame_31774
PLOIDY 4 ame_38431
PLOIDY 4 ame_40574
PLOIDY 4 ame_8714
PLOIDY 4 ame_9119
POP BYCATCH4332
AM000193	2 2	2 2	2 2	2 2	2 2	1 2	2 2 2 2	1 1 2 2	1 1 2 2	1 1 2 2	2 2 2 2	1 1 1 2
AM000194	1 2	2 2	1 1	2 2	1 2	2 2	1 2 2 2	1 2 2 2	2 2 2 2	1 1 1 1	2 2 2 2	1 1 1 1
AM000195	1 2	2 2	1 1	2 2	1 2	2 2	1 2 2 2	1 2 2 2	2 2 2 2	1 1 1 1	2 2 2 2	1 1 1 1
AM000196	1 2	2 2	1 1	2 2	1 2	2 2	1 2 2 2	1 2 2 2	2 2 2 2	1 1 1 1	2 2 2 2	1 1 1 1
AM000197	1 2	2 2	1 2	2 2	1 1	1 2	1 2 2 2	1 2 2 2	1 1 2 2	1 1 1 1	2 2 2 2	1 1 1 2
AM000198	1 1	2 2	2 2	2 2	1 1	2 2	1 1 2 2	1 2 2 2	2 2 2 2	1 1 1 2	2 2 2 2	1 1 1 2
AM000199	1 2	2 2	1 1	2 2	1 1	2 2	2 2 2 2	1 1 1 2	1 1 1 1	1 1 2 2	1 2 2 2	1 2 2 2
AM000200	1 2	2 2	2 2	1 2	1 1	1 2	2 2 2 2	1 1 1 2	1 1 1 1	1 1 2 2	1 1 2 2	2 2 2 2
AM000201	2 2	2 2	2 2	2 2	1 2	1 2	1 1 1 2	1 2 2 2	1 1 2 2	1 1 1 1	2 2 2 2	1 1 1 2
AM000202	2 2	2 2	2 2	2 2	1 1	1 2	1 1 2 2	1 2 2 2	1 1 1 1	1 1 1 1	1 2 2 2	1 2 2 2
AM000203	1 2	2 2	1 2	2 2	1 1	1 2	1 1 1 2	1 2 2 2	1 1 1 1	1 1 1 1	1 2 2 2	1 1 1 2
AM000204	1 2	2 2	2 2	2 2	1 2	1 2	1 1 2 2	1 2 2 2	1 1 1 1	0 0 0 0	2 2 2 2	2 2 2 2
AM000205	1 2	2 2	2 2	2 2	1 1	1 2	1 1 1 2	1 2 2 2	1 1 2 2	1 1 1 1	2 2 2 2	1 1 1 2
AM000206	1 2	1 2	2 2	2 2	1 2	2 2	1 2 2 2	1 1 1 1	1 1 1 1	1 1 2 2	1 2 2 2	0 0 0 0
AM000207	1 2	2 2	2 2	2 2	1 2	1 2	1 2 2 2	1 2 2 2	1 1 1 1	1 1 1 2	2 2 2 2	1 1 1 2
AM000208	1 2	2 2	2 2	1 2	1 2	2 2	1 1 2 2	1 1 1 1	1 1 1 1	1 2 2 2	1 1 2 2	1 1 1 2
AM000209	0 0	2 2	2 2	2 2	1 1	2 2	1 1 1 2	1 1 1 2	1 1 2 2	1 1 1 2	2 2 2 2	1 2 2 2
AM000210	1 2	2 2	2 2	2 2	1 1	2 2	1 2 2 2	1 2 2 2	1 1 2 2	1 1 1 1	2 2 2 2	1 1 1 1
AM000211	1 2	2 2	2 2	2 2	1 2	2 2	1 1 2 2	1 2 2 2	2 2 2 2	1 1 1 1	2 2 2 2	1 2 2 2
AM000212	2 2	1 2	2 2	2 2	1 1	2 2	2 2 2 2	1 1 1 2	1 1 1 1	1 1 1 2	1 1 1 2	1 1 2 2
AM000213	2 2	2 2	2 2	2 2	1 1	2 2	1 2 2 2	1 2 2 2	1 1 2 2	1 1 1 1	1 2 2 2	0 0 0 0
AM000214	1 2	2 2	2 2	2 2	1 1	1 1	1 1 1 2	1 2 2 2	1 1 1 1	1 1 1 1	2 2 2 2	1 1 1 2
AM000215	1 2	2 2	2 2	2 2	1 1	2 2	1 1 2 2	1 1 1 2	1 1 1 1	1 1 1 2	1 1 2 2	1 2 2 2
AM000216	2 2	2 2	2 2	2 2	1 2	1 2	1 2 2 2	1 2 2 2	1 1 1 1	1 1 1 1	2 2 2 2	1 1 2 2
AM000217	1 2	2 2	1 2	2 2	1 1	2 2	1 1 1 2	1 1 2 2	2 2 2 2	1 1 1 1	1 2 2 2	1 1 1 2
AM000218	1 2	2 2	1 1	2 2	1 1	1 1	1 2 2 2	1 1 1 2	1 1 1 1	1 1 2 2	1 1 2 2	2 2 2 2
AM000219	1 1	2 2	1 1	2 2	1 1	1 2	1 2 2 2	1 1 1 2	1 1 2 2	0 0 0 0	1 2 2 2	1 2 2 2
AM000220	1 2	2 2	2 2	2 2	1 1	1 2	1 1 1 1	1 1 1 1	1 1 2 2	1 2 2 2	1 1 2 2	2 2 2 2
AM000221	1 2	2 2	2 2	2 2	1 1	1 2	1 1 2 2	1 1 2 2	1 1 1 1	1 1 1 2	2 2 2 2	1 1 1 2
AM000222	1 1	2 2	2 2	2 2	1 1	2 2	1 1 2 2	1 1 2 2	1 1 1 1	1 1 1 1	1 2 2 2	1 1 1 2
AM000223	1 2	2 2	1 2	1 1	1 1	1 1	1 2 2 2	1 1 2 2	1 1 2 2	1 1 2 2	1 1 1 2	2 2 2 2
AM000224	1 2	2 2	2 2	2 2	2 2	1 2	1 2 2 2	1 1 2 2	1 1 1 1	1 1 1 1	2 2 2 2	1 1 1 2
AM000225	1 2	1 1	0 0	1 2	1 1	1 2	1 1 2 2	1 1 1 1	1 1 2 2	1 1 2 2	1 1 1 2	0 0 0 0
AM000226	1 2	1 2	2 2	2 2	1 1	2 2	1 2 2 2	1 1 1 1	1 1 2 2	1 1 1 1	0 0 0 0	1 2 2 2
AM000227	1 2	2 2	2 2	2 2	1 1	1 2	1 1 1 2	1 2 2 2	2 2 2 2	1 1 1 1	1 2 2 2	1 1 2 2
AM000228	1 2	2 2	2 2	2 2	1 2	1 2	1 2 2 2	1 1 2 2	1 1 1 1	1 1 1 2	2 2 2 2	1 1 1 2
AM000229	1 2	2 2	2 2	2 2	1 1	1 2	1 1 2 2	1 1 2 2	1 1 1 1	1 1 1 2	2 2 2 2	1 1 1 2
AM000230	1 2	1 2	2 2	2 2	1 1	2 2	2 2 2 2	1 2 2 2	1 1 1 1	1 1 1 1	1 2 2 2	1 2 2 2
AM000231	1 2	2 2	2 2	2 2	1 2	2 2	1 1 2 2	1 2 2 2	1 1 1 1	1 1 1 1	1 2 2 2	1 1 2 2
AM000232	2 2	2 2	1 2	2 2	1 1	2 2	1 2 2 2	1 1 2 2	1 1 2 2	1 1 2 2	2 2 2 2	0 0 0 0
AM000233	1 2	2 2	2 2	2 2	1 1	2 2	1 1 2 2	1 1 2 2	1 1 2 2	1 1 1 2	2 2 2 2	0 0 0 0
AM000234	2 2	2 2	2 2	2 2	1 2	2 2	1 1 1 2	1 1 2 2	2 2 2 2	1 1 1 1	2 2 2 2	1 1 2 2
AM000235	0 0	2 2	1 1	2 2	1 2	2 2	1 2 2 2	1 1 2 2	1 1 2 2	1 1 1 2	1 1 2 2	1 1 2 2
AM000236	2 2	2 2	2 2	2 2	1 1	1 2	1 1 1 2	1 1 2 2	1 1 2 2	1 1 2 2	1 2 2 2	1 1 1 2
AM000237	1 1	1 2	1 1	2 2	1 1	2 2	1 1 2 2	1 2 2 2	1 1 1 1	1 1 1 2	2 2 2 2	0 0 0 0
AM000238	2 2	2 2	2 2	2 2	1 2	2 2	1 2 2 2	1 1 2 2	1 1 1 1	1 1 1 1	2 2 2 2	1 1 1 2
AM000239	1 2	2 2	2 2	2 2	1 1	1 2	1 1 1 2	1 1 2 2	1 1 2 2	1 1 1 1	1 1 1 2	1 1 2 2
AM000240	1 2	2 2	2 2	2 2	1 1	1 2	2 2 2 2	1 1 2 2	1 1 2 2	1 1 1 1	2 2 2 2	1 1 1 2
AM000241	2 2	2 2	2 2	2 2	1 1	2 2	1 1 2 2	1 1 2 2	1 1 2 2	1 1 1 1	1 2 2 2	0 0 0 0
AM000242	2 2	2 2	2 2	2 2	2 2	1 2	1 1 2 2	1 1 2 2	1 1 2 2	1 1 1 2	1 2 2 2	0 0 0 0
AM000243	1 2	2 2	2 2	2 2	1 1	2 2	1 1 1 2	1 1 2 2	1 1 2 2	1 1 1 1	2 2 2 2	1 1 1 2
AM000244	1 2	2 2	2 2	2 2	1 1	2 2	1 1 1 1	1 1 2 2	2 2 2 2	1 1 1 1	1 2 2 2	1 1 1 1
AM000245	1 2	2 2	2 2	2 2	1 1	2 2	1 2 2 2	1 1 2 2	1 1 2 2	1 1 1 1	2 2 2 2	0 0 0 0
AM000246	2 2	2 2	2 2	2 2	1 2	1 2	1 1 2 2	1 1 2 2	1 1 1 1	1 1 1 1	1 2 2 2	1 1 1 2
AM000247	1 2	1 1	2 2	2 2	1 1	1 2	1 2 2 2	1 1 1 1	1 1 2 2	1 2 2 2	1 2 2 2	1 2 2 2
AM000248	1 2	2 2	2 2	2 2	1 1	2 2	1 1 2 2	1 1 2 2	1 1 2 2	1 1 1 2	1 2 2 2	1 1 1 2
AM000249	2 2	2 2	2 2	2 2	1 1	1 2	1 1 2 2	1 1 2 2	1 1 1 1	1 1 1 1	2 2 2 2	1 2 2 2
AM000250	2 2	2 2	2 2	2 2	1 2	1 2	1 1 2 2	1 1 2 2	2 2 2 2	1 1 2 2	2 2 2 2	1 1 1 1
AM000251	1 2	1 1	1 1	1 2	1 1	2 2	1 1 2 2	1 1 1 1	1 1 1 1	1 2 2 2	1 1 1 2	1 2 2 2
AM000252	1 2	2 2	1 1	2 2	1 1	2 2	1 2 2 2	1 1 1 2	1 1 1 1	1 2 2 2	2 2 2 2	1 2 2 2
AM000253	2 2	2 2	2 2	1 2	1 1	1 2	2 2 2 2	1 1 1 1	1 1 1 1	1 1 1 2	1 1 1 2	1 1 1 2
AM000254	2 2	2 2	2 2	2 2	1 2	1 2	1 1 2 2	1 1 2 2	1 1 2 2	1 1 1 2	1 1 2 2	1 1 1 1
AM000255	1 1	2 2	1 1	2 2	1 2	2 2	1 2 2 2	1 1 1 2	1 1 2 2	1 1 1 2	2 2 2 2	1 1 2 2
AM000256	2 2	2 2	2 2	2 2	1 1	1 2	1 1 2 2	1 1 2 2	0 0 0 0	1 1 1 1	1 2 2 2	1 2 2 2
AM000257	1 2	1 2	2 2	2 2	1 2	1 2	1 1 2 2	1 2 2 2	1 1 1 1	1 1 2 2	2 2 2 2	0 0 0 0
AM000258	2 2	2 2	2 2	2 2	1 1	1 2	1 1 1 2	1 1 2 2	1 1 2 2	1 1 2 2	1 2 2 2	1 1 2 2
AM000259	1 2	2 2	2 2	2 2	1 1	2 2	1 2 2 2	1 1 2 2	1 1 1 1	1 1 1 1	2 2 2 2	1 2 2 2
AM000260	2 2	2 2	1 1	2 2	1 1	1 2	1 1 2 2	1 1 2 2	2 2 2 2	1 1 1 1	2 2 2 2	1 1 2 2
AM000261	2 2	2 2	2 2	2 2	1 1	1 2	1 1 2 2	1 1 2 2	1 1 2 2	1 1 1 1	2 2 2 2	1 1 2 2
AM000262	1 2	2 2	2 2	2 2	1 1	1 2	1 1 2 2	1 1 2 2	1 1 2 2	1 1 1 1	2 2 2 2	1 1 1 1
AM000263	1 2	2 2	2 2	2 2	1 1	2 2	1 1 1 2	1 1 2 2	1 1 2 2	1 1 1 2	1 2 2 2	1 1 1 1
AM000264	2 2	2 2	2 2	2 2	1 2	2 2	1 1 1 2	1 1 2 2	1 1 2 2	1 1 1 2	2 2 2 2	1 1 2 2
AM000265	1 2	2 2	2 2	2 2	1 1	2 2	2 2 2 2	1 1 2 2	1 1 2 2	1 1 1 2	2 2 2 2	0 0 0 0
AM000266	1 2	2 2	2 2	2 2	1 1	1 1	1 1 2 2	1 1 2 2	1 1 1 1	1 1 1 1	2 2 2 2	1 1 2 2
AM000267	1 2	1 1	2 2	2 2	1 1	2 2	1 1 2 2	1 1 1 1	1 1 1 1	1 1 1 2	1 1 2 2	1 2 2 2
AM000268	2 2	2 2	2 2	2 2	1 2	1 2	1 2 2 2	1 1 2 2	1 1 1 1	1 1 1 1	2 2 2 2	1 1 2 2
AM000269	1 2	2 2	2 2	2 2	1 1	1 1	1 1 1 2	1 1 2 2	1 1 2 2	1 1 1 2	2 2 2 2	1 2 2 2
AM000270	2 2	1 1	1 2	2 2	1 1	1 2	2 2 2 2	1 1 1 2	1 1 2 2	1 1 2 2	1 2 2 2	1 1 2 2
AM000271	1 2	1 1	2 2	2 2	1 1	1 2	1 1 2 2	1 1 1 2	1 1 2 2	1 1 1 2	2 2 2 2	2 2 2 2
AM000272	2 2	2 2	2 2	2 2	1 1	2 2	1 1 2 2	1 1 2 2	1 1 2 2	1 1 1 1	1 1 2 2	1 1 1 1
AM000273	2 2	2 2	2 2	2 2	1 2	1 2	1 1 2 2	1 1 2 2	1 1 2 2	1 1 1 2	1 2 2 2	1 1 1 1
AM000274	2 2	2 2	2 2	2 2	1 1	1 2	1 1 1 2	1 1 2 2	1 1 1 1	1 1 1 1	2 2 2 2	1 1 1 2
AM000275	1 2	1 1	1 2	2 2	1 1	1 2	1 1 2 2	1 1 1 1	1 1 2 2	1 2 2 2	1 2 2 2	1 1 1 2
AM000276	1 2	2 2	2 2	2 2	1 2	2 2	1 1 1 2	1 1 2 2	1 1 1 1	1 1 1 1	1 2 2 2	2 2 2 2
AM000277	1 2	1 2	2 2	2 2	1 1	2 2	1 2 2 2	1 1 1 1	1 1 2 2	1 1 1 1	1 2 2 2	1 2 2 2
AM000278	1 1	2 2	2 2	2 2	1 1	1 2	1 1 2 2	1 1 2 2	1 1 2 2	1 1 1 2	1 2 2 2	1 1 2 2
AM000279	1 2	2 2	2 2	2 2	1 2	2 2	1 1 1 2	1 1 2 2	1 1 2 2	1 1 2 2	2 2 2 2	1 1 1 1
AM000280	2 2	2 2	2 2	2 2	1 2	2 2	1 2 2 2	1 1 2 2	1 1 2 2	1 1 1 1	1 2 2 2	1 1 2 2
AM000281	1 2	2 2	2 2	2 2	1 2	2 2	1 1 2 2	1 1 2 2	1 1 2 2	1 1 1 1	2 2 2 2	1 2 2 2
AM000282	1 2	1 2	2 2	2 2	1 1	2 2	2 2 2 2	1 2 2 2	1 1 1 1	1 1 2 2	1 2 2 2	1 1 2 2
AM000283	2 2	2 2	2 2	2 2	1 1	1 2	1 1 1 2	1 1 2 2	1 1 2 2	1 1 1 1	2 2 2 2	1 1 2 2
AM000284	1 2	2 2	2 2	2 2	1 2	2 2	1 1 2 2	1 1 2 2	1 1 1 1	1 1 1 1	2 2 2 2	1 1 1 1
AM000285	1 2	2 2	2 2	2 2	1 2	1 2	1 2 2 2	1 1 2 2	1 1 1 1	1 1 1 2	2 2 2 2	1 1 2 2
AM000286	1 2	2 2	2 2	2 2	1 1	1 2	1 1 1 2	1 1 2 2	1 1 1 1	1 1 1 2	2 2 2 2	1 1 2 2
AM000287	1 2	2 2	2 2	2 2	1 1	1 2	1 1 2 2	1 1 2 2	1 1 1 1	1 1 1 2	1 2 2 2	1 1 1 1
AM000288	1 2	1 2	2 2	2 2	1 1	1 2	1 1 2 2	1 1 2 2	1 1 2 2	1 2 2 2	1 2 2 2	1 2 2 2
AM000310	2 2	1 2	2 2	2 2	2 2	2 2	1 2 2 2	1 2 2 2	1 1 2 2	1 1 1 1	2 2 2 2	1 1 2 2
AM000311	2 2	1 2	2 2	2 2	1 1	1 2	1 1 1 1	1 2 2 2	0 0 0 0	1 1 1 1	1 2 2 2	1 1 2 2
AM000312	2 2	1 2	2 2	2 2	1 1	2 2	1 2 2 2	1 2 2 2	1 1 1 1	1 1 1 1	2 2 2 2	1 1 2 2
AM000313	1 2	1 2	2 2	2 2	1 2	1 2	1 1 1 2	1 2 2 2	1 1 1 1	1 1 1 1	1 2 2 2	1 1 2 2