60 12
PLOIDY 2 ame_12562
PLOIDY 2 ame_2288
PLOIDY 2 ame_22995
PLOIDY 2 ame_40859
PLOIDY 2 ame_46669
PLOIDY 2 ame_8513
PLOIDY 4 ame_3058
PLOIDY 4 ame_31774
PLOIDY 4 ame_38431
PLOIDY 4 ame_40574
PLOIDY 4 ame_8714
PLOIDY 4 ame_9119
POP NORTHERN
AM000102	1 1	2 2	1 2	1 2	1 1	1 2	1 1 1 2	1 1 1 1	1 1 1 1	1 1 2 2	1 1 1 2	1 1 2 2
AM000103	2 2	2 2	2 2	2 2	1 1	1 2	1 1 2 2	1 1 1 1	1 1 2 2	1 1 1 2	1 1 1 2	2 2 2 2
AM000104	1 2	2 2	2 2	2 2	1 1	1 2	1 2 2 2	1 1 1 2	1 1 1 1	1 2 2 2	1 2 2 2	1 2 2 2
AM000105	1 2	1 2	2 2	1 2	1 1	1 1	1 1 2 2	1 1 1 2	1 1 1 1	1 2 2 2	1 1 2 2	2 2 2 2
AM000106	1 2	1 2	2 2	1 2	1 1	1 1	1 1 2 2	1 1 1 2	1 1 2 2	1 1 1 2	1 1 2 2	1 2 2 2
AM000107	1 2	1 2	2 2	2 2	1 1	1 2	1 2 2 2	1 1 1 1	1 1 2 2	1 1 1 1	1 1 2 2	1 2 2 2
AM000108	1 2	2 2	2 2	1 2	1 1	1 2	1 1 2 2	1 1 1 2	1 1 2 2	1 1 2 2	1 2 2 2	1 2 2 2
AM000109	1 2	2 2	2 2	2 2	1 1	1 2	1 1 2 2	1 1 1 2	1 1 1 1	1 1 1 2	2 2 2 2	1 1 2 2
AM000110	1 2	1 2	2 2	2 2	1 2	1 1	2 2 2 2	1 1 1 2	1 1 1 1	1 1 2 2	2 2 2 2	1 1 2 2
AM000111	1 2	2 2	2 2	1 2	1 1	2 2	2 2 2 2	1 1 1 1	1 1 1 1	1 1 1 2	2 2 2 2	1 1 2 2
AM000112	1 2	1 2	2 2	2 2	1 1	1 1	2 2 2 2	1 1 1 2	1 1 1 1	1 2 2 2	2 2 2 2	1 1 1 2
AM000113	1 2	2 2	2 2	2 2	1 1	2 2	1 1 2 2	1 1 1 2	2 2 2 2	1 1 1 2	1 2 2 2	1 1 2 2
AM000114	2 2	2 2	1 1	2 2	1 1	1 2	1 2 2 2	1 1 1 2	1 1 1 1	1 1 1 2	1 2 2 2	1 1 2 2
AM000115	1 1	2 2	1 1	1 2	1 1	1 2	1 2 2 2	1 1 1 1	1 1 1 1	1 1 1 2	1 2 2 2	2 2 2 2
AM000116	1 2	2 2	1 1	2 2	1 1	1 1	1 2 2 2	1 1 1 1	1 1 1 1	1 1 2 2	1 2 2 2	1 1 2 2
AM000117	1 1	1 1	2 2	2 2	1 1	2 2	2 2 2 2	1 1 1 2	1 1 1 1	1 2 2 2	1 1 1 2	1 2 2 2
AM000118	1 1	2 2	1 1	2 2	1 1	2 2	2 2 2 2	1 1 1 1	1 1 1 1	1 1 2 2	1 1 2 2	1 2 2 2
AM000167	1 2	1 2	2 2	1 2	1 1	1 1	1 1 2 2	1 1 1 1	0 0 0 0	1 1 2 2	1 2 2 2	1 1 2 2
AM000168	1 2	1 1	1 2	1 1	1 1	2 2	2 2 2 2	1 1 1 1	1 1 1 1	2 2 2 2	1 2 2 2	1 2 2 2
AM000169	1 2	1 2	1 2	2 2	1 1	1 2	1 1 1 2	1 1 1 1	1 1 1 1	1 1 1 2	1 2 2 2	0 0 0 0
AM000170	1 2	2 2	1 1	1 2	1 1	1 2	1 2 2 2	1 1 1 1	1 1 1 1	1 1 1 2	1 1 1 2	1 1 1 2
POP SOUTHERN
AM000175	2 2	2 2	2 2	2 2	1 2	1 1	1 2 2 2	1 1 2 2	1 1 1 2	1 1 1 2	1 2 2 2	0 0 0 0
AM000176	1 2	2 2	1 1	2 2	1 1	2 2	1 1 2 2	1 1 2 2	0 0 0 0	1 1 1 1	2 2 2 2	0 0 0 0
AM000177	1 2	2 2	2 2	2 2	0 0	1 2	1 1 2 2	1 1 2 2	1 1 2 2	1 1 1 2	2 2 2 2	1 1 2 2
AM000178	0 0	2 2	2 2	2 2	2 2	1 2	1 1 2 2	1 1 2 2	1 1 2 2	1 1 1 1	2 2 2 2	1 1 1 1
AM000179	1 2	2 2	2 2	2 2	2 2	2 2	1 2 2 2	1 1 2 2	1 1 2 2	1 1 1 2	2 2 2 2	1 1 1 1
AM000180	1 1	2 2	2 2	2 2	1 1	1 2	1 2 2 2	1 1 2 2	1 1 2 2	1 1 1 2	1 2 2 2	0 0 0 0
AM000181	2 2	2 2	2 2	2 2	2 2	1 2	1 2 2 2	1 1 2 2	1 1 2 2	1 1 1 2	2 2 2 2	1 1 1 2
AM000182	1 2	2 2	2 2	2 2	1 1	1 1	1 1 1 2	1 1 2 2	1 1 2 2	1 1 1 1	1 2 2 2	1 2 2 2
AM000183	2 2	2 2	2 2	2 2	1 1	2 2	1 1 2 2	1 1 2 2	1 2 2 2	1 1 1 2	2 2 2 2	1 1 2 2
AM000184	2 2	2 2	2 2	2 2	1 1	2 2	1 1 2 2	1 1 2 2	1 1 1 2	1 1 1 1	2 2 2 2	1 1 2 2
AM000185	1 2	2 2	2 2	2 2	1 1	2 2	1 1 1 2	1 1 2 2	1 1 1 2	1 1 1 1	1 2 2 2	1 1 1 1
AM000186	1 1	2 2	1 1	2 2	1 2	2 2	1 2 2 2	1 2 2 2	1 1 2 2	1 1 1 1	1 2 2 2	0 0 0 0
AM000187	2 2	2 2	2 2	2 2	1 1	1 2	1 2 2 2	1 1 2 2	1 1 2 2	1 1 1 2	2 2 2 2	1 1 1 2
AM000188	2 2	2 2	2 2	2 2	1 2	2 2	1 1 1 2	1 1 2 2	1 1 2 2	1 1 1 1	1 2 2 2	0 0 0 0
AM000189	1 2	2 2	2 2	2 2	1 1	1 2	1 1 2 2	1 1 2 2	1 1 2 2	1 1 1 1	2 2 2 2	0 0 0 0
AM000190	1 2	2 2	2 2	2 2	1 2	1 2	1 1 2 2	1 1 2 2	1 2 2 2	1 1 1 2	1 2 2 2	1 1 1 2
AM000191	1 2	2 2	2 2	2 2	1 1	1 2	1 1 1 2	1 1 2 2	1 1 2 2	1 1 1 2	2 2 2 2	1 1 1 1
AM000192	2 2	2 2	2 2	2 2	1 1	1 2	1 2 2 2	1 1 2 2	1 1 2 2	1 1 1 1	1 2 2 2	1 2 2 2
AM000289	2 2	2 2	2 2	2 2	1 2	2 2	1 1 2 2	1 1 2 2	1 1 1 2	1 1 2 2	2 2 2 2	1 1 2 2
AM000290	1 2	2 2	2 2	2 2	1 2	2 2	2 2 2 2	1 1 2 2	1 1 2 2	1 1 1 2	2 2 2 2	0 0 0 0
AM000291	1 2	2 2	2 2	2 2	1 1	1 1	1 2 2 2	1 1 2 2	1 1 2 2	1 1 1 1	1 2 2 2	1 1 1 1
AM000292	1 2	2 2	2 2	2 2	1 2	2 2	1 1 1 2	1 1 2 2	1 1 1 2	1 1 1 1	2 2 2 2	1 1 1 2
AM000293	1 2	2 2	2 2	2 2	1 2	2 2	2 2 2 2	1 1 2 2	1 1 2 2	1 1 1 1	1 2 2 2	1 1 1 2
AM000294	1 2	2 2	2 2	2 2	1 1	1 2	2 2 2 2	1 1 2 2	1 1 2 2	1 1 1 2	1 1 2 2	1 1 1 1
AM000295	1 2	2 2	2 2	2 2	1 2	1 2	1 1 2 2	1 1 2 2	1 1 2 2	1 1 1 2	2 2 2 2	0 0 0 0
AM000296	1 2	2 2	2 2	2 2	2 2	2 2	2 2 2 2	1 1 2 2	1 1 2 2	1 2 2 2	2 2 2 2	1 1 1 2
AM000297	1 2	2 2	2 2	2 2	1 1	2 2	2 2 2 2	1 1 2 2	1 1 1 2	1 1 1 1	1 2 2 2	1 1 1 2
AM000298	2 2	2 2	2 2	2 2	1 1	1 2	1 1 1 2	1 1 2 2	1 1 2 2	1 1 1 1	2 2 2 2	0 0 0 0
AM000299	1 1	2 2	2 2	2 2	1 2	1 2	1 1 1 2	1 1 2 2	1 1 1 2	1 1 1 2	2 2 2 2	1 1 1 1
AM000300	1 2	2 2	2 2	2 2	1 2	1 2	1 2 2 2	1 1 2 2	1 2 2 2	1 1 1 1	2 2 2 2	1 2 2 2
AM000301	1 2	2 2	2 2	2 2	1 1	2 2	1 1 2 2	1 1 2 2	1 1 1 2	1 1 1 2	1 2 2 2	1 1 1 1
AM000302	1 2	2 2	1 1	2 2	1 1	1 2	1 1 2 2	1 1 2 2	1 1 2 2	1 1 1 1	2 2 2 2	1 2 2 2
AM000303	2 2	2 2	2 2	2 2	1 2	2 2	1 2 2 2	1 1 2 2	1 1 2 2	1 1 1 1	1 1 2 2	1 1 1 1
AM000304	1 2	2 2	1 1	2 2	1 1	1 2	1 1 1 1	1 1 2 2	1 1 2 2	1 1 1 1	2 2 2 2	1 1 1 1
AM000305	2 2	2 2	2 2	2 2	1 1	2 2	1 1 1 2	1 1 2 2	1 1 1 2	1 1 1 1	1 2 2 2	1 2 2 2
AM000306	2 2	2 2	2 2	2 2	1 2	2 2	1 2 2 2	1 1 2 2	1 1 2 2	1 1 1 1	2 2 2 2	1 1 1 2
AM000307	2 2	2 2	2 2	2 2	2 2	2 2	1 2 2 2	1 1 2 2	1 2 2 2	1 1 1 2	1 2 2 2	1 1 2 2
AM000308	2 2	2 2	2 2	2 2	1 2	1 2	1 1 2 2	1 1 2 2	1 1 2 2	1 1 1 2	2 2 2 2	1 1 1 2
AM000309	1 2	2 2	2 2	2 2	1 2	2 2	1 1 2 2	1 1 2 2	2 2 2 2	1 1 1 1	1 2 2 2	1 1 1 2
