391 10
PLOIDY 4 Spl106
PLOIDY 4 AfuG43
PLOIDY 4 AfuG247
PLOIDY 4 AfugG41
PLOIDY 4 An76
PLOIDY 4 AfuG135
PLOIDY 4 Spl101b
PLOIDY 4 As007
PLOIDY 2 Spl120
PLOIDY 2 Aox27
POP SAC
SAC0201 242 242 242 242 204 204 208 212 173 173 173 189 201 201 201 213 151 151 143 171 180 180 228 252 167 191 199 211 133 137 133 153 240 240 132 140
SAC0202 224 224 224 242 208 208 204 212 173 173 173 189 201 201 201 201 151 151 151 151 0 0 0 0 0 0 0 0 133 137 133 145 252 264 132 136
SAC0203 242 242 242 242 204 204 204 208 189 189 189 173 201 201 201 213 151 175 175 175 228 228 228 252 191 191 167 195 137 145 145 149 252 256 0 0
SAC0204 242 242 242 242 204 208 212 224 173 173 173 173 201 213 213 217 135 135 135 135 228 228 228 228 187 191 191 191 133 133 137 145 256 256 132 132
SAC0205 242 242 242 242 192 204 204 208 189 189 189 189 173 173 201 221 143 143 159 159 228 228 228 256 191 191 191 187 133 137 145 145 236 236 132 132
SAC0206 242 242 242 242 208 208 204 212 173 173 179 189 201 201 205 227 139 139 139 155 228 228 228 252 167 191 191 203 133 141 141 157 256 256 132 140
SAC0207 224 242 242 242 204 208 212 204 173 173 179 187 201 201 201 205 135 195 211 211 228 228 228 228 191 191 195 215 141 141 141 145 252 256 124 140
SAC0208 240 240 242 242 208 208 208 220 187 187 173 189 201 201 201 227 195 195 195 195 228 228 228 252 215 199 195 195 133 137 137 145 240 256 132 132
SAC0209 242 242 242 242 192 204 204 208 173 173 189 189 201 201 201 227 151 151 151 167 228 228 228 228 191 191 191 215 137 145 145 145 236 244 140 140
SAC0210 224 242 242 242 204 208 208 212 173 173 173 189 201 201 201 213 147 147 147 151 252 252 252 252 211 195 167 167 129 137 145 145 256 256 132 136
SAC0211 224 242 242 242 208 208 192 220 173 173 189 189 201 201 201 225 135 135 135 135 228 252 260 260 191 183 183 195 133 133 133 133 252 256 132 140
SAC0212 240 240 242 242 204 204 208 208 173 173 173 173 201 201 227 227 135 135 135 135 180 180 228 252 191 191 191 191 133 137 137 145 240 240 132 132
SAC0213 242 242 242 242 208 208 208 212 173 173 173 173 201 201 213 227 151 151 151 151 228 260 260 260 191 191 195 195 133 133 137 145 240 244 136 136
SAC0214 242 242 242 242 204 204 208 208 173 173 173 189 197 197 201 213 151 151 151 135 228 228 228 252 191 191 191 167 137 137 137 137 240 256 132 132
SAC0215 242 242 242 242 208 208 208 220 173 173 189 189 201 201 201 213 195 195 195 211 228 228 228 228 191 167 167 167 129 133 137 145 252 256 132 132
SAC0216 242 242 242 242 204 204 208 212 173 173 173 187 197 197 197 225 175 175 175 175 188 188 252 256 167 183 191 199 133 137 137 137 240 256 132 132
SAC0217 242 242 242 242 204 208 208 212 173 173 173 173 213 213 213 227 151 151 151 151 228 228 252 252 0 0 0 0 133 137 145 149 264 264 132 132
SAC0218 242 242 242 242 204 204 208 220 173 173 187 179 213 213 197 205 135 151 151 151 228 228 228 228 167 167 191 191 129 133 137 145 252 256 132 140
SAC0301 240 240 240 240 204 204 208 208 189 189 189 173 201 201 201 201 151 151 151 151 228 228 228 228 191 191 191 195 133 137 137 137 236 252 132 132
SAC0302 242 242 242 250 204 208 208 212 173 173 173 189 213 213 225 201 151 151 151 171 228 228 228 252 191 191 191 195 133 137 137 145 240 240 132 140
SAC0303 242 242 242 242 208 208 208 204 173 187 187 193 213 213 213 213 143 143 143 151 228 228 228 256 211 211 191 183 133 137 145 153 240 256 132 132
SAC0304 224 242 242 242 204 204 208 212 173 173 189 173 201 201 199 205 143 143 167 167 256 256 256 256 187 191 199 203 133 137 145 145 240 240 132 132
SAC0305 224 242 242 242 204 204 208 208 173 189 189 193 201 201 201 201 179 179 179 179 188 188 228 256 191 191 191 203 133 133 137 149 240 252 132 132
SAC0306 240 240 240 240 204 204 208 208 173 173 187 189 201 201 201 227 151 151 151 151 228 228 228 248 191 191 191 199 129 133 137 137 236 248 132 140
SAC0307 240 240 242 242 208 208 208 212 173 173 173 173 197 201 201 201 151 151 151 151 228 228 228 228 191 191 195 195 137 137 137 137 256 256 132 132
SAC0308 242 224 242 242 208 208 208 220 173 173 189 173 201 201 201 225 143 143 175 175 228 228 228 228 191 191 191 195 133 137 149 153 242 256 132 140
SAC0309 242 242 242 250 204 204 208 208 201 201 201 213 173 173 173 189 167 167 171 151 228 228 228 252 191 191 215 219 133 133 133 145 240 240 132 132
SAC0310 242 242 242 242 204 204 208 212 173 173 173 173 201 201 197 225 151 151 151 151 228 228 228 228 191 195 199 215 129 133 133 137 256 256 132 132
SAC0311 242 242 242 224 208 208 204 212 201 201 201 201 189 189 189 173 167 167 179 179 228 228 228 228 195 195 195 191 129 133 133 149 252 256 132 140
SAC0312 242 242 242 224 208 208 208 204 201 201 201 225 189 189 173 189 167 167 151 151 228 228 228 256 191 191 195 199 129 133 137 145 252 256 132 140
SAC0313 242 242 242 242 208 208 208 212 173 173 189 189 201 201 213 225 135 143 151 159 228 228 228 252 191 191 199 203 129 133 145 145 256 256 132 140
SAC0314 242 242 242 242 208 208 220 212 173 173 187 189 201 201 205 205 195 195 195 195 228 228 228 228 195 195 199 215 133 137 153 157 256 256 132 140
SAC0315 242 242 242 242 204 204 208 208 173 173 187 189 201 201 201 197 143 143 171 171 228 228 228 256 191 191 191 215 129 133 133 137 256 260 132 132
SAC0316 242 242 242 242 204 204 208 212 173 173 173 187 201 201 213 227 143 143 143 151 228 228 228 252 191 191 191 191 137 137 145 157 252 252 132 140
SAC0317 242 242 242 242 204 208 204 212 173 173 187 189 201 201 205 227 143 143 143 151 180 188 228 228 191 191 191 203 133 137 149 157 240 256 132 140
SAC0318 242 242 242 242 208 208 208 208 173 187 179 189 201 201 227 229 151 151 151 151 228 228 228 228 191 191 191 191 133 145 145 153 244 252 132 132
SAC0319 242 242 242 242 204 204 208 208 173 173 187 189 201 213 225 227 167 167 167 167 228 228 228 228 191 191 191 211 133 145 145 153 240 256 132 140
SAC0320 242 242 242 242 204 208 208 212 173 173 187 189 213 213 201 213 151 151 151 167 188 188 228 252 191 191 191 171 133 145 145 157 256 256 132 140
SAC0321 242 242 242 224 200 204 204 204 187 189 173 173 201 201 201 213 151 151 151 151 248 248 256 256 191 191 187 195 133 133 141 145 240 252 132 140
SAC0322 242 242 242 242 204 204 208 208 173 173 193 207 201 201 201 205 151 151 151 151 228 228 228 228 179 191 199 211 137 145 145 145 240 256 132 132
SAC0323 242 242 242 242 208 208 208 204 173 173 189 189 201 201 201 213 171 171 171 171 188 188 228 256 191 191 191 195 133 133 137 145 240 256 124 132
SAC0324 242 242 242 242 204 204 208 208 173 173 189 189 205 205 205 201 167 167 167 167 228 228 228 228 191 191 191 195 133 137 137 157 252 256 132 132
SAC0325 242 242 242 242 204 204 208 224 173 173 173 187 197 197 201 227 139 139 139 159 248 248 252 252 191 191 167 183 133 133 145 145 240 256 132 132
SAC0326 242 242 242 242 204 208 208 208 173 173 173 173 205 205 197 205 171 171 171 171 180 180 228 256 199 199 195 187 133 133 137 145 240 240 132 132
SAC0327 242 242 242 242 204 204 208 208 173 173 173 187 201 227 213 213 143 143 143 143 180 228 228 228 167 183 191 195 133 133 137 145 240 256 132 140
SAC0328 242 242 242 242 204 208 212 224 187 189 189 193 201 205 213 225 151 151 151 151 228 228 228 228 167 191 191 191 133 133 137 145 240 252 132 132
SAC0329 242 242 242 242 204 208 208 212 189 189 189 173 201 201 213 227 143 143 151 151 188 228 228 228 191 191 191 191 137 137 137 145 240 244 132 140
SAC0330 242 242 242 242 204 208 208 212 173 189 189 189 201 201 213 227 151 151 171 171 228 228 228 228 191 191 179 199 145 145 145 157 252 256 132 132
SAC0331 242 242 242 242 208 208 208 204 189 189 189 173 201 201 201 201 167 167 167 167 252 252 256 256 191 191 167 195 137 137 137 137 252 256 124 132
SAC0332 242 242 242 242 204 208 208 208 173 173 187 189 225 201 225 225 143 143 143 143 228 228 228 228 183 191 195 211 145 145 145 149 240 252 132 140
SAC0333 224 238 242 242 204 204 208 220 173 173 193 189 201 201 201 205 175 175 175 175 180 188 228 228 187 191 191 191 133 149 149 153 252 256 132 136
SAC0334 230 242 242 242 204 208 208 212 173 173 173 189 213 213 197 213 155 155 155 171 228 228 228 252 191 199 203 215 133 137 137 137 256 256 132 132
SAC0335 242 242 242 242 204 204 208 212 187 187 187 187 201 201 213 225 151 151 151 151 228 228 228 228 191 191 191 191 129 129 137 145 240 256 132 132
SAC0336 242 242 242 242 208 220 208 208 173 173 187 189 213 227 227 231 151 151 151 157 228 228 228 252 191 191 167 215 133 145 149 153 240 256 132 132
SAC0337 224 242 242 242 204 204 208 208 173 173 173 189 201 201 201 213 151 151 151 151 228 228 228 252 187 191 191 195 137 137 145 153 240 256 132 132
SAC0338 242 242 242 242 208 208 208 212 173 173 173 189 201 201 201 225 151 151 167 167 228 228 228 252 191 191 211 215 133 137 137 145 252 256 132 140
SAC0339 242 242 242 242 204 204 208 208 189 189 173 193 197 197 197 213 143 143 143 143 228 228 228 248 191 191 171 199 133 133 145 149 256 256 132 132
SAC0340 242 242 242 242 192 208 208 220 187 187 189 173 201 201 205 213 135 135 135 175 188 252 252 252 171 171 191 191 133 145 145 149 256 256 132 132
SAC0341 242 242 242 242 204 208 208 212 173 173 173 173 197 197 213 225 151 151 151 179 228 228 228 256 191 191 167 203 133 133 145 149 240 256 132 132
SAC0342 238 242 242 242 204 192 204 208 173 173 187 189 201 201 213 213 143 143 143 143 180 180 228 248 183 191 195 211 137 137 145 153 252 256 132 132
SAC0343 242 242 242 242 220 208 208 208 173 173 173 187 201 201 213 225 143 171 171 171 228 228 256 228 191 191 191 187 129 133 137 145 240 240 132 132
SAC0401 242 242 242 242 204 204 208 208 173 187 187 187 197 197 197 227 195 195 195 195 228 228 228 256 183 191 211 227 129 133 133 133 240 240 132 140
SAC0402 242 242 242 242 208 208 208 212 189 189 189 189 197 197 201 213 139 143 195 195 228 228 228 228 191 191 191 195 133 137 137 145 240 240 132 140
SAC0403 242 242 242 242 208 208 208 212 173 173 173 189 197 197 201 219 143 143 143 143 228 228 228 252 187 191 195 215 133 133 133 145 256 256 132 140
SAC0404 242 242 242 242 208 208 208 208 173 173 189 207 197 201 213 217 151 151 159 167 228 228 252 228 187 191 191 195 129 133 133 157 256 252 132 140
SAC0405 242 242 242 242 204 208 208 208 189 189 189 189 205 213 225 227 195 195 195 211 252 252 252 252 191 191 191 195 137 137 137 145 256 256 132 140
SAC0406 242 242 242 242 208 208 208 208 189 189 189 189 205 213 227 227 151 151 151 151 228 228 228 228 167 191 195 215 133 133 137 145 256 256 132 140
SAC0407 242 242 242 242 204 208 208 208 173 189 189 189 197 197 197 201 167 175 195 195 180 180 228 228 167 199 203 203 133 137 145 145 240 256 132 140
SAC0408 242 242 242 242 204 208 208 208 173 173 173 187 201 201 205 213 151 151 151 211 228 228 228 228 191 191 203 215 133 133 133 137 256 256 132 132
SAC0409 242 242 242 242 208 208 208 208 173 179 189 189 201 201 205 213 151 151 151 151 228 228 228 228 191 195 195 219 137 145 145 145 240 260 132 132
SAC0410 242 242 242 242 204 208 220 220 173 173 189 193 227 227 213 201 151 151 159 195 228 228 228 252 191 195 195 195 133 137 145 145 240 264 132 132
SAC0411 242 242 242 242 204 208 220 220 173 173 173 173 197 201 213 231 195 195 195 195 252 256 180 180 187 191 211 231 133 133 133 145 256 256 132 132
SAC0412 230 242 242 242 204 208 208 220 173 173 173 187 197 201 201 231 195 195 211 195 228 228 228 228 191 195 215 231 137 145 149 153 242 252 132 132
SAC0413 242 242 242 242 204 204 208 212 173 173 173 187 201 201 201 201 143 143 143 143 228 228 228 228 167 167 195 215 129 137 145 149 240 252 132 136
SAC0414 242 242 242 242 204 208 212 212 173 173 173 187 201 201 201 205 143 143 155 195 188 188 228 252 191 191 191 191 137 141 149 153 240 252 132 140
SAC0415 242 242 242 242 204 208 212 212 173 187 189 189 201 205 213 227 143 143 151 195 228 228 228 228 191 191 191 191 133 133 133 137 256 256 132 140
SAC0416 242 242 242 242 204 204 208 208 173 189 189 193 201 213 213 227 143 151 155 195 228 228 228 228 191 191 191 195 137 137 137 141 252 252 132 140
SAC0417 242 242 242 242 204 208 208 208 173 189 189 189 201 201 201 201 143 143 143 143 228 228 228 228 167 191 199 215 137 141 141 153 244 256 132 136
SAC0418 242 242 242 242 204 204 208 212 173 173 173 189 201 201 201 225 151 151 151 195 228 228 228 228 167 191 191 203 141 145 145 145 256 256 132 132
SAC0419 242 242 242 242 208 208 208 208 173 189 189 189 201 205 213 227 139 139 151 171 228 228 228 228 195 199 211 219 133 133 133 141 252 252 132 132
SAC0420 242 242 242 242 208 208 208 208 173 173 189 187 197 197 197 225 143 143 143 143 228 228 228 228 183 191 191 195 133 133 133 133 256 256 132 140
SAC0421 242 242 242 242 204 204 208 212 173 187 187 193 213 227 227 227 131 167 195 195 228 228 228 228 191 191 195 199 137 145 145 149 256 256 124 132
SAC0422 224 242 242 242 204 204 204 208 173 173 173 189 197 205 205 205 167 167 167 195 228 228 228 188 167 187 191 199 133 145 149 199 240 240 124 132
SAC0423 242 242 242 242 208 208 208 208 173 173 173 189 201 201 201 227 0 0 0 0 228 228 228 252 187 191 191 203 133 137 145 153 252 252 132 136
SAC0424 242 224 242 242 204 208 208 212 173 189 189 189 197 201 201 225 0 0 0 0 228 228 228 228 191 191 191 227 133 133 133 133 252 252 132 132
SAC0513 242 242 242 242 208 208 208 208 173 187 187 187 201 201 225 227 151 151 151 203 228 228 228 252 191 199 199 203 133 137 145 145 256 256 132 140
SAC0514 242 242 242 242 208 208 208 212 173 173 187 189 201 201 201 225 151 155 155 155 228 228 228 228 191 195 215 223 133 137 137 145 244 256 132 140
SAC0515 242 242 242 242 192 204 204 208 0 0 0 0 0 0 0 0 0 0 0 0 228 228 228 228 191 199 203 203 137 137 137 145 240 252 132 140
SAC0516 242 242 242 242 204 204 204 204 173 173 187 193 201 227 227 227 143 143 151 195 228 228 228 228 191 191 211 219 133 133 133 137 240 240 132 132
SAC0517 242 242 242 242 208 208 208 208 173 173 173 173 201 201 201 227 143 151 151 151 228 228 228 228 183 191 191 215 133 137 145 145 256 256 132 132
SAC0518 242 242 242 242 204 208 208 208 173 187 187 189 213 213 213 213 143 151 151 151 180 228 228 228 187 191 191 191 133 137 145 145 240 240 132 132
SAC0519 224 242 242 250 204 204 204 212 173 179 179 189 205 225 227 227 143 143 151 195 228 228 228 228 191 191 191 223 145 145 145 149 252 256 132 132
SAC0520 242 242 242 242 208 208 208 208 173 173 173 189 197 201 201 201 143 151 151 151 248 256 256 256 191 199 203 215 133 133 133 133 240 252 132 136
SAC0521 242 242 242 242 204 204 204 204 173 173 173 189 201 201 213 225 151 151 151 151 252 252 252 256 191 195 211 223 129 137 145 145 240 240 132 140
SAC0522 242 242 242 250 204 204 204 208 189 189 189 189 173 201 225 227 151 151 151 171 228 228 228 228 191 191 191 199 145 145 145 153 240 256 132 140
SAC0512 242 242 242 242 204 204 208 208 187 187 187 187 173 173 173 213 175 175 175 175 228 228 228 256 191 191 199 211 133 137 137 145 252 252 132 136
SAC0524 242 242 242 242 204 204 204 208 0 0 0 0 0 0 0 0 171 171 171 171 228 228 228 252 183 191 191 195 133 137 137 149 252 256 132 132
SAC0525 242 242 242 242 208 208 212 220 173 173 173 179 173 201 173 205 151 151 151 151 228 228 228 228 183 191 191 195 133 143 143 143 240 252 132 132
SAC0526 242 242 242 242 208 208 208 208 189 189 189 189 201 201 201 225 143 151 151 151 228 228 228 228 191 191 191 199 133 145 145 145 256 256 132 140
SAC0527 224 242 242 242 204 208 208 212 187 187 187 189 173 173 201 225 155 151 151 151 228 228 228 252 191 199 203 227 137 137 137 145 244 256 132 140
SAC0528 242 242 242 242 204 208 208 208 173 173 187 189 213 225 227 227 151 151 151 171 228 228 228 228 187 191 195 195 133 133 137 159 244 256 132 132
SAC0529 242 242 242 242 204 204 208 208 189 189 189 189 201 201 201 213 143 143 143 151 228 228 228 256 191 191 191 191 137 137 145 157 240 256 132 132
SAC0530 242 242 242 242 204 204 204 208 173 173 173 173 173 197 201 213 155 155 155 155 228 228 228 228 0 0 0 0 133 133 133 133 240 256 132 140
SAC0531 242 242 242 242 204 208 208 212 0 0 0 0 0 0 0 0 167 167 167 167 228 228 228 228 167 191 195 215 129 137 137 145 240 256 132 132
SAC0532 242 242 242 242 204 204 204 212 173 173 173 187 197 201 213 227 151 151 151 151 228 228 228 256 191 191 191 211 129 133 133 137 240 252 132 140
SAC0533 242 242 242 242 204 208 208 208 173 179 187 189 201 225 227 227 139 151 151 151 228 228 228 228 191 191 191 231 133 145 145 153 240 252 124 132
SAC0534 242 242 242 242 204 208 212 212 179 189 189 189 201 205 225 227 139 143 143 195 228 228 228 228 0 0 0 0 137 145 145 153 256 256 124 132
SAC0535 242 242 242 242 204 204 204 208 173 173 173 187 201 201 201 227 139 151 151 151 228 228 228 228 183 191 223 227 133 137 137 145 256 256 140 140
SAC0536 242 242 242 242 204 208 208 208 0 0 0 0 0 0 0 0 131 151 151 151 228 228 228 228 183 191 211 211 129 133 133 157 256 256 132 140
SAC0501 242 242 242 242 192 204 204 208 173 173 173 187 201 201 201 225 151 151 151 151 180 228 228 228 0 0 0 0 145 145 145 145 252 256 132 132
SAC0538 242 242 242 242 208 208 208 208 173 173 173 187 0 0 0 0 151 151 151 151 180 228 228 228 191 191 191 195 137 137 145 137 256 256 132 132
SAC0539 242 242 242 242 204 208 208 208 189 193 193 193 173 173 201 231 151 195 195 195 228 228 228 256 231 191 195 199 137 145 145 149 252 256 132 140
SAC0502 242 242 242 250 204 208 208 208 171 187 187 187 0 0 0 0 151 195 195 195 228 228 228 252 183 191 195 211 133 129 145 145 240 256 132 140
SAC0541 242 242 242 242 192 204 208 212 173 173 173 189 201 201 213 225 151 151 175 195 228 228 228 252 171 187 191 199 133 137 145 153 240 256 132 140
SAC0542 242 242 242 242 204 204 208 208 173 173 187 193 197 197 197 213 151 151 151 151 248 248 248 252 191 195 199 219 137 137 137 137 240 256 132 136
SAC0503 242 242 242 242 204 208 208 208 173 187 189 189 197 205 213 213 143 151 151 171 228 228 228 252 191 191 195 203 137 137 137 137 252 256 132 132
SAC0544 242 242 242 242 204 208 208 208 173 173 173 189 201 201 213 225 155 155 155 175 228 228 228 228 187 231 195 195 133 133 137 145 240 252 132 140
SAC0545 242 242 242 242 204 208 208 224 173 187 189 193 213 213 213 227 151 151 151 151 228 228 228 248 191 191 195 199 129 133 137 145 240 252 132 132
SAC0504 242 242 242 242 208 208 208 208 173 173 173 173 213 225 225 225 151 151 151 151 180 180 228 252 183 183 191 211 129 145 145 153 256 256 132 132
SAC0547 230 242 242 242 204 208 208 224 173 173 187 189 201 213 213 227 151 151 151 151 228 228 228 252 179 183 191 191 137 145 145 145 256 256 132 132
SAC0548 242 242 242 242 204 208 208 208 173 173 187 189 0 0 0 0 151 151 151 151 228 228 228 228 191 199 203 211 129 133 137 145 240 240 132 132
SAC0505 224 242 242 242 204 208 208 212 173 189 189 189 197 201 201 213 151 151 151 151 228 228 228 228 195 195 211 215 137 137 137 145 240 256 132 132
SAC0550 242 242 242 242 204 208 208 208 173 179 187 197 201 227 227 227 151 151 151 171 228 228 228 256 195 195 211 215 133 133 133 137 240 252 132 132
SAC0551 242 242 242 242 204 208 208 208 173 173 173 189 201 227 227 227 151 151 151 151 228 228 228 248 191 195 195 199 129 133 137 137 240 256 132 132
SAC0506 230 242 242 242 208 208 208 208 179 189 189 189 201 201 201 205 151 151 167 195 228 228 228 252 191 191 191 199 129 137 137 145 240 240 132 140
SAC0553 242 242 242 242 208 208 208 208 173 187 189 193 201 201 201 227 143 143 143 151 228 228 228 228 191 191 215 227 133 137 137 145 240 252 132 140
SAC0554 242 242 242 242 204 208 208 224 173 187 173 189 197 197 205 225 143 143 143 151 228 228 228 240 191 191 215 219 137 137 149 153 240 256 132 132
SAC0507 224 242 242 242 192 204 208 212 173 173 187 189 201 201 205 227 175 175 175 179 228 228 228 248 183 191 191 231 133 145 145 145 256 256 132 136
SAC0556 224 242 242 242 204 208 208 212 173 179 187 193 201 201 201 231 175 179 195 195 248 248 248 252 191 195 199 203 129 133 137 145 248 252 140 140
SAC0557 242 242 242 242 204 208 208 208 0 0 0 0 0 0 0 0 151 151 151 167 228 228 228 228 167 191 195 211 129 133 137 153 256 256 132 140
SAC0558 242 242 242 242 204 204 204 212 173 179 187 189 201 201 201 201 151 175 175 175 228 228 228 228 191 199 203 211 133 133 133 137 240 240 132 132
SAC0559 242 242 242 242 204 208 212 212 171 171 171 187 201 201 201 225 175 175 175 175 228 228 228 228 167 171 183 191 133 137 145 145 244 256 132 132
SAC0560 242 242 242 242 204 208 208 212 173 173 173 189 201 201 201 201 167 167 167 167 228 228 228 228 191 195 199 231 133 133 137 145 244 244 140 140
SAC0561 242 242 242 242 208 208 208 220 173 173 173 187 197 207 213 227 151 151 151 171 180 228 228 228 187 191 195 199 133 133 145 149 240 240 132 140
SAC0562 242 242 242 242 204 204 204 204 173 173 187 193 201 201 225 227 167 167 167 167 240 240 252 252 187 191 195 219 129 133 137 137 240 252 132 132
SAC0563 242 242 242 242 204 208 208 212 173 173 173 193 201 201 201 213 143 167 167 167 228 228 228 256 0 0 0 0 133 145 145 153 252 252 132 132
SAC0564 242 242 242 242 204 208 208 208 173 173 173 173 201 213 227 227 195 195 195 211 228 228 228 228 191 199 227 231 137 137 137 141 240 240 132 140
SAC0565 242 242 242 242 204 208 208 212 173 187 187 193 201 225 225 227 167 167 167 211 228 228 228 252 183 187 199 199 133 145 145 149 240 240 132 140
SAC0566 242 242 242 242 204 204 204 220 0 0 0 0 0 0 0 0 151 151 151 195 180 228 228 228 191 191 191 195 133 145 145 145 240 256 132 132
SAC0567 242 242 242 242 204 208 208 208 173 173 173 193 213 213 213 213 151 151 151 151 256 256 256 256 191 191 195 199 129 133 137 137 240 256 132 132
SAC0568 242 242 242 242 204 204 204 208 173 173 187 193 205 225 227 227 151 151 151 167 248 248 248 252 187 191 191 199 133 133 137 149 240 252 132 140
SAC0569 242 242 242 242 204 208 208 208 173 173 173 189 201 201 213 227 151 151 151 159 228 252 252 252 191 195 199 199 129 129 133 149 240 252 132 132
SAC0570 242 242 242 242 204 204 208 220 173 173 173 193 197 197 201 201 171 171 171 195 228 228 228 228 167 187 187 199 133 139 145 145 256 256 132 140
SAC0571 242 242 242 242 204 204 208 208 173 189 189 189 201 201 201 201 143 143 167 171 180 228 228 228 191 195 199 199 133 137 145 145 256 256 132 132
SAC0572 242 242 242 242 204 208 208 208 187 189 189 189 201 201 225 227 151 151 151 151 228 228 228 228 191 199 215 215 133 133 133 145 240 256 132 132
SAC0573 242 242 242 242 204 208 208 208 173 173 173 179 213 213 213 227 131 131 131 171 256 256 256 264 183 187 195 199 141 141 141 145 240 240 132 140
SAC0574 242 242 242 242 204 204 208 212 173 173 189 193 201 201 201 213 151 151 151 167 228 228 228 228 0 0 0 0 137 145 149 153 256 256 132 140
SAC0575 242 242 242 242 208 208 208 208 173 187 189 189 201 201 201 227 151 151 151 171 228 228 228 228 183 199 219 227 129 133 137 137 240 240 132 132
SAC0576 242 242 242 242 204 204 204 208 171 179 187 189 201 201 201 201 151 151 151 171 228 228 228 256 191 191 211 231 129 133 133 133 240 252 124 132
SAC0577 242 242 242 242 204 204 204 208 173 179 189 189 201 201 201 205 155 155 155 171 228 228 228 252 191 191 191 195 133 133 137 149 252 256 140 140
SAC0578 242 242 242 242 208 208 208 208 173 173 187 189 201 227 227 227 167 171 171 171 180 228 228 228 183 191 215 227 137 137 137 137 240 252 132 140
SAC0579 230 242 242 242 208 208 208 208 173 189 189 189 201 201 201 205 155 155 155 155 228 228 228 252 179 191 195 211 133 145 145 145 240 256 136 136
SAC0580 224 230 242 242 204 204 204 208 173 193 193 193 201 201 201 213 135 135 135 135 228 228 228 252 187 211 219 227 129 133 133 145 240 240 132 140
SAC0581 242 242 242 242 204 204 204 208 173 173 187 189 213 213 225 227 167 167 167 167 252 252 252 256 187 191 195 199 137 137 137 145 240 256 132 132
SAC0582 242 242 242 242 204 208 208 212 173 173 187 193 201 201 201 227 143 143 143 171 188 188 228 256 191 191 199 211 137 145 149 157 240 256 132 140
SAC0583 242 242 242 242 204 208 208 208 173 173 187 189 201 201 201 201 151 151 151 155 228 228 228 252 167 183 191 211 121 125 133 149 240 256 132 132
SAC0584 242 242 242 242 204 204 208 212 173 173 173 173 201 201 201 201 171 171 171 171 228 228 228 252 191 191 195 203 133 129 137 149 256 256 132 140
SAC0585 224 242 242 242 204 204 204 208 173 173 173 189 201 201 201 225 151 151 151 151 256 256 256 256 187 191 191 223 133 137 145 145 240 240 132 132
SAC0586 242 242 242 242 204 208 212 224 173 173 175 189 205 205 227 227 179 179 179 179 248 256 256 256 183 191 215 231 129 133 133 137 252 256 132 140
SAC0587 224 224 224 242 204 208 212 212 173 173 173 191 201 201 201 201 167 167 167 167 228 228 228 228 203 215 223 227 133 137 141 141 256 256 132 140
SAC0588 242 242 242 242 204 208 208 220 173 179 179 193 0 0 0 0 167 167 167 167 180 228 228 228 167 191 195 195 133 133 137 145 252 256 132 140
SAC0589 224 242 242 242 204 208 208 212 173 173 173 189 201 201 201 225 151 151 151 151 228 228 228 256 187 191 191 191 133 133 133 137 252 252 132 132
SAC0590 242 242 242 242 204 204 208 212 173 173 187 189 201 225 227 227 195 195 195 195 228 228 228 256 0 0 0 0 133 137 145 145 240 252 132 132
SAC0591 242 242 242 242 204 204 204 208 173 179 187 193 201 201 201 201 151 151 151 151 228 228 228 228 191 191 191 195 133 133 133 145 240 252 132 132
SAC0592 242 242 242 242 192 204 208 212 173 173 173 189 201 201 201 201 151 175 175 175 228 228 228 252 191 191 191 215 133 137 145 149 252 252 132 140
SAC0593 224 242 242 242 204 204 204 208 173 173 173 187 201 201 201 201 151 151 151 167 256 256 256 256 187 191 191 227 133 137 137 137 256 256 132 132
SAC0594 242 242 242 242 208 208 212 220 173 173 173 189 201 201 227 231 151 151 151 151 228 228 228 228 191 195 199 231 149 149 149 153 256 256 132 140
SAC0595 242 242 242 242 204 204 208 212 173 173 173 189 197 205 205 213 151 151 167 195 228 228 228 228 187 191 191 195 133 137 137 145 256 256 132 132
SAC0596 242 242 242 242 204 208 208 212 173 187 187 189 201 201 213 225 155 155 151 151 228 228 228 228 191 191 195 227 137 137 145 137 256 256 132 140
SAC0597 242 242 242 242 204 208 208 220 173 173 173 173 213 225 225 225 171 171 171 171 228 228 228 256 187 191 199 231 129 137 145 145 240 256 132 132
SAC0598 242 242 242 242 204 204 204 208 173 173 173 173 213 225 225 225 151 151 151 167 228 228 228 252 191 191 199 215 133 137 137 145 252 256 132 140
SAC0599 242 242 242 242 192 204 208 212 173 173 173 187 201 201 213 227 151 151 151 151 228 228 228 260 183 187 215 231 137 145 145 145 252 256 132 140
SAC05100 242 242 242 242 192 204 204 208 173 173 187 189 201 213 213 213 159 195 195 195 228 228 228 252 171 183 191 195 137 145 145 145 252 256 124 140
SAC05101 230 242 242 242 204 204 208 212 173 173 173 189 201 201 201 213 167 167 167 167 228 228 228 252 191 191 195 215 133 137 145 145 240 240 132 132
SAC061 242 242 242 242 208 208 208 208 187 187 187 187 201 201 225 227 151 151 151 171 228 228 228 228 0 0 0 0 133 141 141 145 244 252 132 132
SAC062 224 242 242 242 192 204 212 220 173 173 189 193 201 201 201 213 155 155 155 167 228 228 228 228 0 0 0 0 133 141 145 145 252 256 132 132
SAC063 242 242 242 242 208 208 208 208 179 189 193 193 197 201 201 213 151 151 151 171 228 228 228 228 191 191 191 191 133 141 141 149 240 260 0 0
SAC064 242 242 242 242 192 204 204 220 173 173 187 189 201 201 225 227 151 151 151 151 228 228 228 256 0 0 0 0 129 141 145 145 240 256 0 0
SAC065 242 242 242 242 204 208 212 220 173 173 187 187 227 227 227 227 143 143 143 143 228 228 228 228 0 0 0 0 129 133 141 145 240 260 0 0
SAC066 242 242 242 242 204 208 212 220 173 173 189 207 227 227 227 227 195 195 195 195 228 228 228 228 191 191 227 231 129 129 145 149 240 256 0 0
SAC067 224 246 246 246 204 208 208 212 173 173 173 189 0 0 0 0 151 151 155 155 228 228 228 248 0 0 0 0 133 141 153 157 260 260 0 0
SAC068 242 242 242 242 192 204 204 208 173 179 189 193 201 201 201 201 151 151 151 151 228 228 228 228 191 191 191 195 133 133 141 153 252 256 132 140
SAC069 242 242 242 242 192 204 208 208 173 173 173 189 201 201 201 213 151 151 151 167 228 228 228 228 191 191 191 195 141 141 141 141 260 264 0 0
SAC0610 242 242 242 242 204 204 204 208 173 173 173 189 197 197 213 225 151 151 151 151 228 228 228 256 0 0 0 0 129 137 141 145 240 252 132 140
SAC0611 242 242 242 242 204 204 208 212 173 187 189 189 201 201 201 227 143 143 143 143 228 228 228 228 191 195 195 195 133 141 145 145 240 252 132 140
SAC0612 242 242 242 242 192 208 208 208 173 173 187 189 201 201 201 213 151 151 155 167 228 228 228 228 167 195 195 215 129 133 141 141 240 256 0 0
SAC0613 230 242 242 242 204 208 208 208 173 173 187 189 205 213 225 225 151 151 151 151 252 252 252 252 0 0 0 0 141 141 141 145 256 256 0 0
SAC0614 224 242 242 242 192 192 204 208 173 173 179 189 197 201 201 205 167 167 167 197 180 228 228 256 191 191 191 195 133 141 141 141 240 244 0 0
SAC0615 230 242 242 242 204 204 208 212 187 189 189 189 201 201 201 225 151 151 151 171 228 228 228 228 199 203 211 223 145 145 149 157 240 256 132 140
SAC0616 242 242 242 242 204 204 204 208 173 189 189 189 201 227 225 227 151 151 151 171 228 228 252 252 0 0 0 0 133 133 133 145 244 256 0 0
SAC0617 242 242 242 242 204 204 204 208 173 173 173 173 213 213 213 213 151 151 167 195 228 228 228 228 191 195 199 203 129 133 141 153 244 256 132 132
SAC0618 242 242 242 242 204 208 208 208 187 189 189 193 201 213 227 227 143 143 143 171 228 228 228 228 191 199 215 219 133 133 137 149 240 260 0 0
SAC0619 242 242 242 242 204 208 208 220 173 187 187 189 201 201 225 227 143 143 143 151 248 252 252 252 195 199 203 207 133 141 145 145 260 260 132 132
SAC0620 242 242 242 242 204 204 208 224 187 187 189 193 201 201 201 201 179 179 179 179 180 228 228 228 167 191 199 203 133 133 133 141 260 260 0 0
SAC0621 230 242 242 242 204 204 208 242 173 173 173 179 173 173 197 225 143 143 143 191 228 228 228 248 191 195 195 199 133 133 133 145 240 240 132 132
SAC0622 242 242 242 242 208 208 208 220 173 173 173 173 225 225 225 225 149 149 149 173 228 228 228 252 0 0 0 0 129 133 141 141 252 260 132 132
SAC0623 242 242 242 242 204 208 208 208 173 173 189 193 201 201 201 213 151 151 151 151 252 252 252 260 167 195 199 219 129 137 137 137 252 252 132 140
SAC0624 224 242 242 242 208 208 208 220 187 189 189 189 201 201 201 201 151 151 151 151 252 252 252 252 191 191 191 191 133 141 141 145 260 260 132 140
SAC0625 242 242 242 242 204 208 208 212 173 173 173 187 201 205 213 231 143 143 143 195 180 228 228 228 179 187 203 231 141 145 145 149 240 256 0 0
SAC0626 242 242 242 242 204 208 208 208 173 173 173 187 201 201 201 227 151 151 151 175 228 228 228 228 187 191 203 227 133 141 145 145 260 260 0 0
SAC0627 242 242 242 242 192 204 204 208 173 179 179 189 201 201 201 205 143 151 151 151 228 228 228 252 191 191 199 223 133 141 153 157 260 260 0 0
SAC0628 242 242 242 242 204 208 208 212 173 187 189 193 201 201 201 227 167 167 167 167 180 188 228 228 187 191 191 191 133 133 141 141 240 244 132 132
SAC0629 242 242 242 242 204 208 208 208 189 189 189 189 201 201 201 227 171 171 171 195 228 228 228 228 0 0 0 0 133 145 145 149 244 244 132 132
SAC0630 242 242 242 242 204 204 204 208 173 173 173 173 201 201 201 227 151 151 151 155 228 228 228 248 191 191 191 195 133 141 153 157 240 256 132 136
SAC0631 242 242 242 242 208 208 220 224 173 173 173 189 197 201 201 201 151 151 151 151 188 228 228 252 191 191 195 203 133 133 141 153 232 256 0 0
SAC0632 242 242 242 242 192 204 204 208 173 173 187 189 201 201 201 225 155 155 167 195 228 228 228 228 191 191 191 191 133 133 133 141 240 252 0 0
SAC0633 224 242 242 242 192 204 208 208 189 189 189 193 213 213 213 227 143 143 143 167 228 228 228 252 167 167 191 199 129 133 133 153 240 240 132 132
SAC0634 242 242 242 242 220 208 208 208 173 173 173 173 201 213 213 231 167 167 167 167 228 228 228 228 191 199 215 215 133 133 133 145 244 244 132 132
SAC0635 242 242 242 242 204 208 208 212 189 193 193 193 205 213 213 227 167 167 167 167 180 228 228 252 187 191 195 199 133 141 141 149 252 256 136 144
SAC0636 242 242 242 242 192 208 212 212 173 189 189 189 197 197 197 201 167 167 167 167 228 228 228 228 191 199 223 227 133 141 145 153 260 260 0 0
SAC0637 242 242 242 242 208 208 212 220 173 173 173 191 201 201 197 213 171 171 171 171 248 248 228 252 187 191 211 231 137 145 145 145 244 256 0 0
SAC0638 242 242 242 242 204 208 208 212 173 173 189 189 197 197 213 225 135 151 151 151 252 252 252 256 191 191 195 203 137 137 137 145 244 256 132 132
SAC0639 242 242 242 242 208 208 208 220 173 173 173 189 213 213 213 227 151 151 151 175 228 228 228 228 191 191 195 211 137 137 137 153 232 252 0 0
SAC0640 242 242 242 242 204 208 208 212 173 173 173 187 197 201 201 201 151 151 151 151 228 228 228 252 187 191 191 203 133 133 133 145 240 256 0 0
SAC0641 242 242 242 242 208 208 208 212 173 173 173 181 197 197 201 225 151 151 151 151 228 228 228 252 191 199 203 211 133 141 141 141 252 256 0 0
SAC0642 242 242 242 242 204 204 208 208 173 179 179 179 201 201 213 225 167 167 167 167 248 248 248 252 191 191 199 203 133 141 145 145 260 260 0 0
SAC0643 224 242 242 242 204 204 204 208 187 187 187 187 201 201 201 213 151 151 151 171 248 248 248 256 167 191 191 195 129 133 133 145 252 256 0 0
SAC0644 242 242 242 242 204 208 208 208 173 173 173 189 201 227 227 231 143 143 143 151 228 228 228 252 191 191 191 191 133 141 145 157 240 256 0 0
SAC0645 242 242 242 242 208 208 208 208 173 173 173 189 201 201 201 213 135 135 155 175 180 248 256 256 167 179 195 195 129 133 141 149 240 260 132 132
SAC0646 242 242 242 242 204 204 208 220 173 173 187 189 201 201 225 231 143 143 143 143 228 228 228 228 171 171 179 191 133 133 133 145 252 256 132 132
SAC0647 242 242 242 242 204 204 204 220 187 187 187 187 201 213 225 227 0 0 0 0 188 248 248 256 191 195 195 199 141 141 145 153 252 256 132 140
SAC0648 242 242 242 242 204 204 204 208 189 189 189 189 0 0 0 0 195 195 195 211 228 228 228 256 187 191 195 195 133 141 145 145 256 260 132 132
SAC0649 242 242 242 242 204 204 212 224 173 173 173 173 201 201 201 201 143 151 151 151 228 228 228 228 187 187 195 215 141 141 141 157 240 260 124 140
SAC0650 242 242 242 242 204 204 204 224 171 189 189 191 197 201 201 201 147 147 147 175 228 228 228 228 191 191 195 211 125 137 137 137 260 260 0 0
SAC0651 242 242 242 242 208 208 208 220 173 173 173 189 201 201 201 227 151 151 151 151 248 248 248 252 191 195 195 211 133 145 153 157 252 252 132 132
SAC0652 242 242 242 246 192 204 208 208 173 173 173 173 201 205 207 197 167 175 175 175 228 228 228 228 191 195 211 215 141 141 145 157 232 256 0 0
SAC0653 242 242 242 242 192 204 204 208 173 173 187 189 201 227 227 227 151 175 175 175 228 228 228 228 187 191 211 215 129 129 133 145 256 260 0 0
SAC0654 224 242 242 242 192 208 208 220 173 179 187 189 201 201 201 201 139 195 211 211 220 220 228 228 195 195 211 215 129 133 145 145 232 252 132 132
SAC0655 242 242 242 242 192 204 204 208 173 173 173 187 197 201 225 227 0 0 0 0 220 220 220 228 171 171 211 231 129 137 137 145 240 256 0 0
SAC0656 242 242 242 242 204 208 208 208 173 173 173 189 197 197 201 227 195 195 195 211 228 228 228 228 195 199 211 215 129 133 133 145 260 260 132 132
SAC0657 242 242 242 242 204 204 208 220 173 173 173 187 201 201 201 213 151 151 171 195 228 228 228 228 191 191 191 199 129 133 133 141 240 252 0 0
SAC0658 242 242 242 242 192 204 208 208 173 173 173 187 201 201 201 213 143 143 143 195 188 228 228 228 191 183 195 211 133 141 145 157 240 252 0 0
SAC0659 242 242 242 242 208 208 208 212 173 173 187 189 201 201 201 217 143 143 143 191 228 228 228 252 191 191 195 199 133 133 145 153 240 244 0 0
SAC0660 242 242 242 242 204 208 208 208 189 189 189 189 201 205 213 225 195 195 195 195 228 228 228 256 0 0 0 0 133 137 137 149 260 260 0 0
SAC0661 242 242 242 250 204 208 208 212 173 189 191 191 197 197 225 227 167 167 167 167 228 228 228 228 167 167 167 199 129 137 145 145 240 256 132 140
SAC0662 242 242 242 242 204 204 204 212 173 187 187 189 201 201 201 201 167 167 167 167 228 228 228 256 183 183 191 215 129 133 141 157 240 252 0 0
SAC0663 242 242 242 242 204 204 204 208 173 187 187 189 201 201 201 201 175 175 175 175 220 220 220 256 167 167 167 195 133 145 145 153 240 252 0 0
SAC0664 242 242 242 246 192 204 208 212 173 173 173 189 201 201 197 225 195 195 195 195 220 228 228 256 167 195 211 231 137 137 137 137 232 252 132 132
SAC0665 242 242 242 246 204 208 208 224 173 187 189 189 205 205 205 213 179 179 179 179 228 228 228 248 167 191 191 191 129 141 149 157 260 260 132 132
SAC0666 242 242 242 246 204 204 208 212 173 173 173 189 201 213 213 227 143 143 143 143 228 228 228 228 0 0 0 0 129 133 145 149 240 260 132 132
SAC0667 242 242 242 246 204 208 208 212 189 193 193 193 201 201 201 205 167 167 167 167 228 228 228 240 191 191 191 191 133 145 145 145 240 256 132 132
SAC0668 242 242 242 246 204 208 208 212 173 173 173 187 197 197 197 225 195 195 195 211 228 228 228 228 191 191 191 191 133 141 133 153 252 252 140 140
SAC0669 242 242 242 242 204 208 208 208 173 189 189 189 201 201 213 227 151 151 151 167 228 228 228 252 167 191 195 211 133 141 145 153 252 256 0 0
SAC0670 242 242 242 242 192 204 208 212 173 173 173 189 201 201 223 227 135 135 135 135 188 220 220 252 167 195 215 223 133 137 145 145 252 252 0 0
SAC0671 242 242 242 242 192 204 208 220 187 189 191 193 201 201 201 227 143 143 143 143 228 228 228 228 195 211 215 227 129 129 129 133 256 256 132 140
SAC0672 242 242 242 242 204 208 212 212 173 173 173 173 0 0 0 0 143 151 151 195 228 228 228 252 191 195 199 203 137 137 141 145 240 240 132 144
SAC0673 242 242 242 246 192 204 204 208 173 173 187 189 197 201 201 213 195 195 195 195 228 228 228 252 0 0 0 0 129 145 145 153 236 244 132 140
SAC0674 242 242 242 242 212 212 212 220 173 173 173 173 225 227 227 227 151 151 151 151 220 220 220 252 191 191 191 191 137 137 137 141 252 256 0 0
SAC0675 242 242 242 250 208 208 208 212 173 173 173 175 197 201 213 227 151 151 151 155 228 228 228 228 191 195 199 215 129 145 145 149 260 260 0 0
SAC0676 242 242 242 250 192 204 212 212 173 173 173 187 197 201 225 227 167 167 167 167 228 228 228 256 171 191 199 203 129 145 145 157 240 240 0 0
SAC0677 242 250 250 250 204 208 208 220 173 173 173 189 201 225 227 227 167 171 171 171 220 220 220 228 179 191 195 211 129 129 129 137 232 240 0 0
SAC0678 240 240 240 242 204 204 204 208 189 189 189 189 201 201 205 227 151 151 151 151 220 220 220 256 191 191 191 195 129 137 145 149 244 256 132 140
SAC0679 242 242 242 250 204 204 204 212 173 189 189 189 197 201 225 225 167 167 167 167 228 228 228 228 191 191 191 215 133 137 137 137 256 256 0 0
SAC0680 242 242 242 246 204 204 208 212 173 189 189 193 213 213 225 227 151 151 151 151 228 228 228 248 167 191 191 199 133 133 141 141 240 240 0 0
SAC0681 242 242 242 246 192 204 204 208 173 187 187 189 197 201 201 227 175 175 175 179 228 228 228 252 187 211 211 231 141 141 141 157 232 240 132 136
SAC0682 242 246 246 246 204 208 208 212 189 189 189 193 197 201 213 227 135 135 135 151 220 220 220 248 191 191 191 191 129 145 145 149 252 256 132 132
SAC0683 242 242 242 242 208 208 208 212 173 189 189 193 197 197 201 213 135 151 151 167 228 228 228 264 167 191 191 203 133 141 145 149 256 256 0 0
SAC0684 242 242 242 242 204 208 208 208 173 189 187 189 201 201 201 213 151 151 151 151 228 228 228 228 191 191 191 191 133 133 133 145 236 256 0 0
SAC0685 242 246 246 246 204 208 208 212 173 187 189 189 201 201 201 225 151 151 151 151 228 228 228 228 191 191 199 215 133 133 141 153 236 256 132 136
SAC0686 242 246 246 246 208 208 208 212 173 187 187 187 201 201 201 227 167 167 167 167 228 228 228 228 199 215 215 215 133 133 141 153 240 252 132 132
SAC0687 242 246 246 246 204 204 204 208 173 187 189 189 197 201 213 225 151 151 151 175 228 228 228 252 191 199 199 211 133 137 137 145 256 256 132 132
SAC0688 230 242 242 246 204 208 208 208 173 189 189 189 201 201 213 225 151 151 151 151 228 228 228 228 191 191 195 219 133 137 145 157 256 256 0 0
SAC0689 242 242 242 242 192 204 208 208 173 189 189 189 201 201 213 213 167 167 167 175 228 228 228 228 191 191 191 191 137 137 137 149 244 252 132 132
SAC0690 242 246 246 246 208 208 212 220 173 173 173 187 213 213 225 227 151 151 151 179 228 228 228 248 167 187 187 187 137 137 137 145 240 256 132 132
SAC0691 242 242 246 246 204 204 208 212 173 173 187 189 197 201 201 213 195 195 195 211 228 228 228 228 179 191 191 215 141 145 149 153 240 252 132 140
SAC0692 242 242 242 246 204 208 208 208 173 189 189 189 201 205 213 225 151 151 151 211 228 228 228 228 171 183 191 191 133 133 133 145 256 256 0 0
POP KLA
KLA9801 242 242 242 238 204 212 220 228 173 173 173 173 201 201 201 201 143 159 159 143 0 0 0 0 183 191 191 219 133 133 137 149 264 240 132 140
KLA9802 242 242 238 234 204 204 208 208 173 173 173 189 201 201 205 217 143 147 147 147 228 228 228 256 191 191 195 199 133 133 133 145 260 264 132 136
KLA9803 242 242 242 242 204 208 208 220 173 173 173 173 193 193 213 217 131 131 131 151 228 228 228 256 187 191 191 195 133 145 145 153 264 260 132 132
KLA9804 242 238 238 238 204 204 204 220 179 187 189 213 213 213 213 217 159 159 159 191 236 236 252 252 187 191 195 195 133 145 145 165 252 264 132 140
KLA9805 242 242 242 230 204 204 220 224 189 189 187 179 197 197 205 217 151 151 151 151 240 240 244 244 191 199 207 207 133 137 145 145 256 256 132 140
KLA9806 242 242 238 238 204 208 220 224 173 173 187 189 213 213 219 173 151 167 167 167 256 256 256 264 183 191 207 211 129 133 145 145 256 256 132 140
KLA9807 242 242 242 238 192 192 224 228 173 173 173 197 205 205 197 173 159 155 155 163 256 256 264 264 187 191 191 207 133 145 157 133 252 244 136 140
KLA9808 242 242 238 234 204 204 208 208 173 173 173 173 205 205 205 223 159 159 163 163 244 244 244 256 179 183 187 203 133 133 133 145 252 256 132 136
KLA9809 230 242 242 242 204 204 208 224 173 173 173 189 205 205 205 201 139 139 139 139 240 248 248 248 183 183 191 199 133 133 133 145 260 264 132 136
KLA9810 242 242 242 234 204 208 208 208 173 173 179 197 193 193 217 223 151 151 151 183 228 228 228 256 183 183 199 207 133 133 133 145 244 264 136 144
KLA9811 242 242 242 234 204 204 208 208 173 187 189 189 201 201 201 193 151 151 151 163 228 228 228 256 195 195 199 207 133 133 133 145 256 260 132 140
KLA9812 242 242 242 238 204 204 204 228 187 187 189 189 173 173 173 173 147 147 147 155 252 252 256 256 183 191 199 203 137 145 149 165 244 240 132 144
KLA9813 242 242 242 238 204 204 204 208 173 173 173 189 223 223 227 213 191 191 147 151 260 260 264 264 183 191 199 207 133 133 133 137 244 264 136 140
KLA9814 242 242 242 242 204 208 208 224 173 173 187 189 197 197 205 213 139 167 171 195 0 0 0 0 195 195 199 199 133 137 145 157 256 260 136 140
KLA9815 242 242 242 242 204 204 208 208 187 187 187 187 201 201 205 205 143 143 143 143 0 0 0 0 183 187 191 195 133 133 133 133 260 252 132 132
KLA9816 242 242 242 238 204 208 212 212 173 173 173 189 213 213 213 205 151 159 163 163 256 256 260 260 213 191 191 183 133 133 137 153 256 236 136 140
KLA9818 242 242 242 238 204 204 212 212 189 173 173 173 223 205 205 209 151 151 151 151 228 228 228 244 187 183 183 179 133 133 145 153 252 264 132 132
KLA9819 242 242 242 234 204 204 204 224 189 189 189 173 205 205 213 213 151 151 151 151 232 232 232 256 183 183 183 191 145 145 145 153 256 248 132 136
KLA9820 242 242 242 242 204 208 212 224 173 173 179 179 193 193 193 219 151 151 151 151 180 180 256 264 191 191 199 207 133 145 153 157 244 244 132 136
KLA9821 242 238 238 238 208 208 208 204 0 0 0 0 173 173 173 193 151 159 159 163 240 240 240 260 187 191 191 195 133 145 149 157 256 256 140 140
KLA9822 242 242 242 238 204 208 208 224 171 171 175 189 213 213 213 205 139 139 159 139 244 244 252 252 183 183 191 207 137 145 149 165 264 268 140 132
KLA9823 242 242 242 242 192 204 208 224 173 173 173 173 197 205 205 205 139 195 195 195 248 248 256 256 187 191 191 191 133 133 133 137 248 272 132 160
KLA9824 242 242 242 238 192 204 208 224 187 187 187 173 223 223 205 193 155 155 159 159 252 252 256 256 187 187 187 191 121 133 145 157 256 248 132 132
KLA9825 242 242 238 238 192 204 208 212 173 173 173 189 173 173 205 213 135 151 151 151 188 188 252 260 191 199 203 211 137 145 153 157 232 236 140 144
KLA9826 242 238 238 234 204 204 204 208 171 187 187 187 193 205 205 205 131 131 131 155 228 228 228 260 207 175 199 191 133 133 133 145 244 232 132 140
KLA9827 242 242 238 234 204 204 208 220 187 187 187 187 201 205 213 223 155 131 131 131 256 256 256 256 183 191 191 199 129 129 137 149 244 244 132 132
KLA9828 242 242 238 234 204 204 208 208 187 187 187 187 201 201 205 221 131 131 131 131 240 240 244 244 191 195 199 207 133 133 137 145 244 256 136 136
KLA9829 242 238 238 238 204 204 208 220 173 173 187 189 193 213 213 223 151 151 159 167 240 240 240 252 183 199 203 215 145 153 157 161 264 264 132 132
KLA9831 242 242 242 234 228 228 224 224 173 173 173 187 193 193 193 213 147 147 151 151 252 252 256 256 183 191 191 199 145 145 145 145 244 260 132 140
KLA9832 242 242 242 238 204 204 208 220 173 179 179 187 201 201 205 213 131 147 155 159 248 248 256 256 191 203 207 211 133 145 145 157 252 264 136 140
KLA9833 242 242 238 234 204 204 220 220 173 173 173 173 213 213 217 205 155 163 163 163 248 248 256 256 183 191 199 207 133 137 137 157 240 256 132 136
KLA9834 242 242 242 242 192 204 208 224 173 173 173 189 193 205 205 213 147 151 151 151 248 248 260 260 187 191 191 211 137 137 137 145 252 240 132 136
KLA9835 242 242 242 238 204 208 212 216 173 173 173 173 173 173 173 193 155 155 155 155 180 180 180 180 199 199 203 207 137 137 137 145 252 236 136 136
KLA9836 242 242 242 234 204 208 220 224 173 173 173 187 205 205 205 205 151 151 151 195 228 228 256 256 183 191 195 199 137 145 149 165 256 264 140 140
KLA9837 242 242 242 242 204 204 208 208 173 173 187 197 213 213 213 221 139 155 163 195 248 248 256 256 191 195 199 207 137 145 145 145 252 256 136 136
KLA9838 242 242 242 238 0 0 0 0 189 189 173 179 213 213 205 193 0 0 0 0 260 260 264 264 187 191 191 215 133 133 133 165 244 252 132 140
KLA9839 242 242 238 238 204 208 208 224 189 189 189 193 173 173 197 205 0 0 0 0 248 248 248 248 187 191 199 203 133 133 133 145 244 256 132 132
KLA9840 242 242 242 238 204 204 208 220 173 173 173 173 193 193 193 193 195 195 195 211 248 248 248 248 191 183 183 183 133 145 149 153 244 256 132 132
KLA9841 242 242 238 234 204 204 212 224 173 173 173 187 201 201 205 227 151 151 151 191 236 236 240 240 183 183 191 195 133 145 145 145 256 282 132 136
KLA9842 242 242 242 242 204 204 204 220 173 189 193 193 0 0 0 0 0 0 0 0 0 0 0 0 187 195 203 203 0 0 0 0 244 256 132 136
KLA9843 242 242 242 238 204 212 224 228 201 173 173 193 173 189 189 187 139 139 159 179 252 252 260 260 199 199 203 215 133 145 145 145 256 256 132 136
KLA9844 242 242 242 234 204 204 208 224 173 179 179 207 205 213 213 213 195 195 195 211 248 248 260 260 191 191 187 187 133 137 145 149 240 264 136 136
KLA9845 242 242 242 234 204 204 208 208 173 173 173 189 201 201 201 223 139 195 195 211 228 228 228 252 183 183 191 207 133 137 145 149 256 252 132 140
KLA9846 242 242 242 238 192 204 204 212 187 187 189 189 193 197 201 205 151 151 151 151 180 180 248 256 183 191 199 207 133 133 137 153 244 256 132 140
KLA9847 242 242 242 238 204 204 208 220 189 189 189 189 173 193 193 205 0 0 0 0 228 228 228 264 183 183 195 195 133 145 145 145 248 256 132 140
KLA9848 242 242 240 238 204 208 208 212 173 173 173 173 201 201 205 213 151 151 151 175 248 248 256 256 191 191 207 219 145 145 149 157 244 256 140 140
KLA9849 242 242 242 242 204 204 212 220 173 173 173 173 201 201 193 205 151 151 151 155 228 252 252 264 187 187 191 215 133 133 145 157 244 256 132 136
KLA9850 242 242 242 238 204 204 212 212 173 193 193 201 187 187 187 187 143 143 159 163 248 248 248 248 183 195 215 219 125 133 133 145 264 264 132 132
KLA9851 242 242 242 234 204 204 204 208 171 179 197 197 219 219 219 219 151 151 155 195 260 260 264 264 187 191 195 199 133 133 133 145 244 256 136 136
KLA9852 242 242 242 238 204 204 208 208 171 171 171 175 193 201 205 221 155 155 155 155 252 252 252 252 183 191 191 207 133 133 133 133 256 268 132 132
KLA9853 242 242 242 238 204 204 204 208 173 173 173 187 193 193 201 227 151 151 151 151 180 180 248 252 183 191 195 211 129 129 137 145 244 248 132 140
KLA9854 246 242 242 238 208 208 212 212 173 187 189 189 0 0 0 0 0 0 0 0 240 240 240 260 183 191 191 207 0 0 0 0 256 268 132 132
KLA9855 242 242 238 234 208 208 212 212 173 173 189 197 197 197 201 213 151 151 159 159 248 248 248 260 187 191 191 207 137 145 145 153 256 268 136 136
KLA9856 242 242 242 238 212 212 208 208 173 173 173 173 173 193 205 217 0 0 0 0 180 180 180 180 191 191 191 195 149 149 149 153 256 268 132 132
KLA9857 242 238 238 238 208 208 208 228 173 173 187 189 193 193 193 217 171 171 171 195 180 180 180 180 183 191 195 195 133 133 133 145 244 256 132 132
KLA9858 242 242 242 234 204 204 208 212 173 173 173 179 205 205 205 205 139 139 159 179 180 180 180 180 183 191 191 191 133 137 137 157 252 256 132 132
KLA9860 242 242 242 242 208 208 224 228 173 173 187 189 213 213 213 213 135 195 195 195 252 252 260 260 191 191 191 195 133 133 137 145 244 256 144 136
KLA9861 242 242 242 238 192 204 240 220 173 179 187 187 193 205 217 223 143 155 159 163 184 228 228 252 187 187 195 195 133 133 133 133 256 288 136 144
KLA9862 242 242 238 238 204 204 212 224 173 173 173 173 193 193 213 223 0 0 0 0 180 180 256 260 183 183 191 191 137 145 145 149 244 256 136 132
KLA9863 242 242 242 242 204 204 212 220 173 173 173 173 173 213 217 197 0 0 0 0 180 240 240 256 183 183 191 195 141 141 141 145 244 244 136 136
KLA0101 242 242 242 242 204 208 208 208 173 173 179 207 205 205 201 193 151 151 203 203 228 228 228 252 191 191 195 195 133 137 145 145 256 264 132 140
KLA0102 242 242 242 242 208 208 208 208 173 173 173 179 205 205 205 205 151 151 151 151 228 228 228 248 187 183 191 191 137 145 145 145 256 264 136 144
KLA0103 242 242 242 242 204 208 208 212 173 173 189 189 223 223 213 213 131 151 151 151 180 180 228 264 183 183 191 191 133 133 137 145 244 244 136 140
KLA0104 242 242 242 242 204 208 208 212 189 173 173 173 201 201 201 213 163 163 163 163 180 180 228 260 183 183 183 191 133 137 153 153 244 256 132 132
KLA0105 242 242 242 242 204 208 212 224 173 173 189 187 193 201 219 213 143 143 151 159 252 252 256 256 183 191 199 207 133 133 153 165 252 256 132 132
KLA0106 242 242 238 240 204 204 208 208 173 173 173 187 173 173 201 213 151 151 151 163 180 180 240 242 191 191 203 215 133 133 145 153 244 236 132 136
KLA0107 230 230 242 242 208 208 208 204 173 187 189 189 201 205 205 205 151 151 151 159 180 180 240 240 191 199 199 207 133 133 137 145 244 244 136 140
KLA0108 242 242 230 224 204 204 208 224 173 173 173 189 193 193 197 201 151 151 151 151 248 248 252 252 183 183 183 207 133 137 137 145 256 260 132 136
KLA0109 242 242 224 208 204 204 204 208 189 189 189 189 173 173 173 221 143 143 143 159 180 180 228 240 187 187 191 219 133 137 137 145 236 260 132 136
KLA0110 242 242 242 230 208 208 208 204 189 187 173 173 205 205 193 209 143 159 159 183 228 228 228 252 191 191 183 203 133 137 137 153 236 236 132 136
KLA0111 230 230 224 242 204 204 208 208 173 179 189 189 201 201 201 213 131 131 131 163 240 240 240 256 183 183 191 195 133 145 145 145 248 260 132 136
KLA0112 224 242 224 230 204 204 204 204 173 179 179 189 205 205 201 193 147 147 167 167 228 228 228 252 187 187 187 207 133 129 145 165 236 256 136 140
KLA0113 230 230 230 242 204 208 208 212 173 173 189 173 173 173 205 223 151 151 155 155 244 244 248 248 187 183 191 195 133 137 145 149 248 264 136 136
KLA0114 242 242 242 242 204 204 208 208 173 179 179 205 193 201 229 221 159 159 171 191 180 180 240 252 191 187 191 219 133 133 133 149 256 256 132 132
KLA0115 242 242 242 242 208 208 208 208 173 173 173 173 193 201 205 217 151 151 151 163 228 228 228 240 191 191 195 195 133 133 133 145 248 256 132 136
KLA0116 242 242 230 224 204 204 208 212 173 173 173 179 193 193 205 213 147 147 155 155 180 180 140 260 187 195 199 203 133 133 133 145 236 260 132 140
KLA0117 230 242 242 242 204 204 208 212 187 187 179 189 173 173 193 201 151 151 151 151 248 248 248 264 203 203 183 191 137 145 145 149 256 264 132 132
KLA0118 230 230 242 242 204 204 208 208 173 173 173 173 205 205 213 223 151 151 151 151 228 228 228 256 191 191 183 195 133 133 133 153 244 256 132 132
KLA0119 242 242 224 230 208 208 212 220 173 173 173 173 205 213 217 219 151 151 151 163 228 228 228 252 187 203 191 199 137 145 153 157 248 260 132 132
KLA0120 242 242 242 230 208 208 208 212 173 173 173 173 201 201 201 209 151 151 151 151 180 180 260 244 183 183 187 207 133 137 145 149 244 264 140 140
KLA0121 242 242 242 242 204 208 208 208 187 187 187 173 201 205 217 223 147 147 159 159 248 248 256 256 203 195 191 191 137 145 145 157 244 248 132 132
KLA0122 242 242 242 230 204 208 208 212 173 173 173 197 201 201 201 205 207 163 163 163 228 228 228 256 191 195 199 191 133 133 145 153 244 264 132 140
KLA0123 230 230 242 242 204 204 208 212 173 173 187 187 213 197 193 173 159 159 183 183 228 228 228 256 187 191 195 195 133 145 149 157 240 244 132 136
KLA0124 230 242 242 242 204 204 208 208 173 189 189 189 201 201 205 213 151 151 151 155 240 240 240 256 183 195 199 199 133 133 133 145 256 264 136 140
KLA0125 242 242 242 230 192 208 208 220 173 173 173 173 197 197 205 213 0 0 0 0 248 248 248 252 183 195 191 191 133 145 145 153 256 264 132 136
KLA0126 246 246 246 242 192 208 208 220 173 173 173 173 157 205 197 213 155 155 155 155 228 228 228 232 191 195 199 199 133 145 145 153 252 260 132 144
KLA0127 242 242 242 230 204 204 208 208 173 173 173 189 193 193 201 213 151 151 151 159 240 240 240 256 191 191 203 203 133 133 133 133 244 248 136 136
KLA0128 242 242 242 230 204 204 208 208 173 173 187 187 193 197 205 217 159 159 159 147 228 228 228 252 183 183 183 183 133 133 145 153 244 248 132 136
KLA0129 230 230 242 242 204 204 208 212 173 173 189 191 193 209 213 223 151 151 151 151 184 244 244 264 187 191 199 215 145 145 145 145 256 264 136 136
KLA0308 242 242 242 242 204 208 212 224 179 173 173 173 205 205 205 205 151 151 151 191 228 228 232 232 187 191 191 195 133 137 137 157 260 260 132 132
KLA0311 242 242 242 242 204 208 224 224 191 191 197 207 173 173 205 217 0 0 0 0 195 180 248 252 183 183 183 195 137 137 145 161 256 256 132 136
KLA0312 230 230 230 242 192 204 208 220 173 173 173 173 209 209 209 209 155 155 155 155 240 240 240 248 207 191 191 191 133 133 133 145 252 268 136 136
KLA0313 242 242 242 242 204 204 204 208 173 173 173 193 193 193 205 213 159 159 159 211 228 228 228 228 187 191 191 215 133 133 137 145 242 264 132 136
KLA0314 242 242 242 242 212 220 224 224 173 179 179 179 201 205 205 209 167 167 167 195 180 228 228 228 191 191 191 203 129 133 133 157 256 256 132 140
KLA0315 242 242 242 242 204 204 208 224 173 173 173 189 193 197 205 213 143 143 143 143 240 248 248 248 175 183 191 191 137 125 145 157 252 264 132 140
KLA0316 242 242 242 242 204 208 216 220 173 179 189 207 201 213 213 213 155 155 159 195 180 180 248 228 191 199 207 215 129 149 153 161 248 256 136 136
KLA0317 242 242 242 230 204 204 208 224 173 173 173 187 193 193 193 205 151 151 151 183 180 236 252 180 199 203 203 207 133 133 145 157 256 256 132 136
KLA0318 230 242 242 242 204 204 208 208 173 189 189 189 189 193 209 217 155 155 155 155 184 256 256 264 191 191 207 191 133 145 145 149 256 256 136 140
KLA0319 230 242 242 242 204 208 212 220 173 173 173 189 205 205 205 205 0 0 0 0 228 248 248 248 187 191 191 191 133 137 137 145 256 264 136 140
KLA0320 230 242 242 242 0 0 0 0 173 173 187 187 193 201 201 213 211 195 195 195 244 248 248 248 183 187 191 199 133 145 145 149 256 256 136 136
KLA0321 230 242 242 242 204 204 208 220 173 173 187 189 193 213 223 223 151 151 151 151 228 228 228 256 191 195 195 207 133 133 149 153 236 256 136 136
KLA0322 242 242 242 242 192 204 212 224 173 173 173 173 201 217 223 223 155 155 171 195 252 252 256 256 191 191 191 195 133 145 149 157 236 264 132 136
KLA0323 230 230 230 242 208 212 216 220 173 189 189 189 201 201 201 205 131 131 131 131 256 256 260 260 191 191 191 207 133 133 137 145 244 264 132 140
KLA0324 242 242 242 242 204 208 220 224 189 189 189 189 197 213 213 213 139 139 151 155 180 180 236 256 183 187 191 199 137 137 137 145 236 236 132 136
KLA0325 230 230 242 242 0 0 0 0 173 173 173 173 205 219 219 219 151 151 195 199 0 0 0 0 191 203 207 211 133 137 145 153 244 268 132 132
KLA0326 242 242 242 242 192 204 220 220 173 189 189 189 193 193 205 223 143 143 143 171 180 180 180 260 187 191 191 191 133 133 133 137 256 268 136 136
KLA0327 230 242 242 242 204 208 208 220 173 173 173 189 201 201 201 205 151 151 151 195 256 256 260 260 183 187 191 191 133 145 149 149 252 256 136 140
KLA0328 230 242 242 242 204 208 208 208 173 179 189 193 201 201 205 205 131 131 131 131 0 0 0 0 183 191 207 211 145 145 153 157 0 0 136 140
KLA0329 230 242 242 242 204 204 220 224 173 189 189 189 193 193 205 223 159 159 159 171 248 248 248 248 183 183 195 203 133 133 133 145 256 256 132 136
KLA0330 224 242 242 242 204 204 208 216 173 173 173 189 193 205 205 223 131 131 131 171 228 228 228 264 183 183 187 191 133 133 133 145 248 264 132 140
KLA0332 230 242 242 242 204 204 204 208 173 173 173 189 193 205 213 223 0 0 0 0 228 228 228 264 191 191 191 195 133 145 145 145 264 264 132 136
KLA0333 230 242 242 242 204 208 212 224 173 173 173 173 201 205 205 205 0 0 0 0 180 180 228 244 191 191 199 199 145 145 149 157 256 264 136 136
KLA0336 230 242 242 242 204 204 204 208 173 189 189 189 173 173 193 213 0 0 0 0 228 228 228 260 183 191 191 195 133 133 137 149 248 248 132 132
KLA0337 242 242 242 230 204 204 212 224 0 0 0 0 205 205 205 219 131 131 151 159 240 240 252 252 191 195 199 199 133 137 141 145 252 264 132 132
KLA0338 224 242 242 242 204 204 204 208 179 179 189 193 173 173 173 201 131 131 131 151 228 228 228 248 183 191 207 211 133 145 145 145 252 264 136 140
KLA0339 230 242 242 242 204 208 208 208 173 173 173 189 197 197 197 201 151 151 151 171 248 248 248 260 183 191 195 207 133 145 145 145 232 248 132 132
KLA0340 230 230 242 242 204 204 204 208 173 173 173 207 193 193 193 205 159 159 159 159 180 180 236 256 183 191 203 207 133 133 137 153 252 264 132 136
KLA0341 230 242 242 242 204 204 204 208 179 179 187 193 225 225 225 209 131 131 131 131 244 244 256 256 187 191 195 199 137 153 153 165 264 264 136 136
KLA0342 242 242 242 242 204 204 204 208 173 173 189 189 201 205 205 205 151 155 155 195 240 240 256 256 187 191 207 211 137 149 157 165 252 264 132 136
KLA0343 230 242 242 242 204 204 204 208 173 173 173 173 193 193 197 205 151 151 151 195 232 232 232 256 187 191 191 195 133 133 137 149 260 264 132 136
KLA0344 224 242 242 242 204 204 208 212 173 173 173 189 193 193 193 205 151 151 151 151 248 248 248 252 187 191 191 195 133 137 137 145 260 272 132 136
KLA0345 230 242 242 242 208 208 208 220 173 173 173 189 193 193 209 225 159 159 159 159 244 244 244 244 183 191 191 195 137 145 145 157 256 256 132 136
KLA0346 224 242 242 242 192 204 204 204 173 173 173 189 193 213 213 213 151 151 151 151 236 236 236 256 183 183 187 191 133 133 133 157 264 264 132 132
KLA0347 242 242 242 242 204 204 208 208 173 173 189 193 193 201 201 201 159 159 159 159 256 256 256 256 191 191 191 195 137 137 137 145 244 260 132 132
KLA0348 224 230 242 242 192 204 220 220 179 179 179 189 173 201 205 205 151 151 183 195 180 180 258 264 195 199 207 215 133 137 149 153 264 264 140 140
